           0  -0.365026   0.000  0.000  0.000   
      100000  -0.591123   0.395  0.607  0.000   
      200000  -0.639030   0.403  0.604  0.000   
      300000  -0.321289   0.402  0.605  0.000   
      400000  -0.448543   0.404  0.605  0.000   
      500000  -0.438772   0.401  0.606  0.000   
      600000  -0.285656   0.401  0.606  0.000   
      700000  -0.563253   0.399  0.606  0.000   
      800000  -0.464770   0.401  0.606  0.000   
      900000  -0.475048   0.401  0.606  0.000   
     1000000  -0.637533   0.400  0.606  0.000   
     1100000  -0.787734   0.401  0.606  0.000   
     1200000  -0.490532   0.401  0.607  0.000   
     1300000  -0.556967   0.401  0.606  0.000   
     1400000  -0.282893   0.401  0.606  0.000   
     1500000  -0.875970   0.401  0.606  0.000   
     1600000  -0.373133   0.401  0.606  0.000   
     1700000  -0.462934   0.400  0.606  0.000   
     1800000  -0.421027   0.400  0.607  0.000   
     1900000  -0.397028   0.400  0.606  0.000   
     2000000  -0.739530   0.399  0.607  0.000   
     2100000  -0.587861   0.399  0.607  0.000   
     2200000  -1.007510   0.399  0.606  0.000   
     2300000  -0.624168   0.400  0.606  0.000   
     2400000  -0.771158   0.400  0.606  0.000   
     2500000  -0.404892   0.400  0.606  0.000   
     2600000  -0.523934   0.400  0.606  0.000   
     2700000  -0.664808   0.400  0.606  0.000   
     2800000  -0.670203   0.400  0.606  0.000   
     2900000  -0.717889   0.400  0.606  0.000   
     3000000  -0.537660   0.401  0.606  0.000   
     3100000  -0.761213   0.401  0.605  0.000   
     3200000  -1.168391   0.409  0.604  0.000   
     3300000  -1.162131   0.418  0.602  0.000   
     3400000  -1.107026   0.426  0.601  0.000   
     3500000  -1.232888   0.435  0.600  0.000   
     3600000  -1.083555   0.442  0.599  0.000   
     3700000  -1.086740   0.449  0.598  0.000   
     3800000  -1.085515   0.455  0.596  0.000   
     3900000  -1.295751   0.461  0.595  0.000   
     4000000  -1.323616   0.467  0.594  0.000   
     4100000  -1.042930   0.473  0.594  0.000   
     4200000  -1.296242   0.479  0.593  0.000   
     4300000  -1.130688   0.484  0.592  0.000   
     4400000  -1.222352   0.490  0.591  0.000   
     4500000  -1.204346   0.495  0.591  0.000   
     4600000  -1.193655   0.499  0.590  0.000   
     4700000  -0.366885   0.499  0.590  0.000   
     4800000  -0.636511   0.497  0.590  0.000   
     4900000  -1.210674   0.498  0.590  0.000   
     5000000  -0.963816   0.503  0.589  0.000   
     5100000  -1.257775   0.507  0.588  0.000   
     5200000  -1.156024   0.511  0.588  0.000   
     5300000  -1.040695   0.513  0.587  0.000   
     5400000  -1.085001   0.517  0.587  0.000   
     5500000  -1.025013   0.520  0.586  0.000   
     5600000  -0.991408   0.522  0.585  0.000   
     5700000  -1.080369   0.526  0.585  0.000   
     5800000  -1.130125   0.529  0.584  0.000   
     5900000  -1.304015   0.531  0.584  0.000   
     6000000  -1.199649   0.534  0.583  0.000   
     6100000  -1.033829   0.537  0.583  0.000   
     6200000  -1.056284   0.538  0.582  0.000   
     6300000  -1.197613   0.541  0.582  0.000   
     6400000  -1.260504   0.544  0.582  0.000   
     6500000  -1.137602   0.547  0.581  0.000   
     6600000  -1.225379   0.550  0.581  0.000   
     6700000  -0.941845   0.552  0.581  0.000   
     6800000  -1.207705   0.554  0.580  0.000   
     6900000  -1.131844   0.555  0.580  0.000   
     7000000  -1.117509   0.557  0.580  0.000   
     7100000  -0.942545   0.560  0.579  0.000   
     7200000  -1.300957   0.562  0.579  0.000   
     7300000  -1.197136   0.564  0.579  0.000   
     7400000  -1.242339   0.567  0.579  0.000   
     7500000  -1.180497   0.569  0.578  0.000   
     7600000  -1.175153   0.571  0.578  0.000   
     7700000  -1.026532   0.573  0.578  0.000   
     7800000  -1.140244   0.574  0.578  0.000   
     7900000  -1.077745   0.575  0.577  0.000   
     8000000  -1.202265   0.577  0.577  0.000   
     8100000  -1.068587   0.580  0.577  0.000   
     8200000  -1.188929   0.582  0.577  0.000   
     8300000  -1.233532   0.583  0.577  0.000   
     8400000  -1.205692   0.585  0.576  0.000   
     8500000  -1.145163   0.586  0.576  0.000   
     8600000  -1.318197   0.587  0.576  0.000   
     8700000  -1.288997   0.589  0.576  0.000   
     8800000  -0.826194   0.590  0.576  0.000   
     8900000  -1.090097   0.591  0.575  0.000   
     9000000  -0.699152   0.591  0.575  0.000   
     9100000  -1.034901   0.592  0.575  0.000   
     9200000  -1.209627   0.593  0.575  0.000   
     9300000  -1.151234   0.594  0.574  0.000   
     9400000  -1.178841   0.595  0.574  0.000   
     9500000  -1.125391   0.597  0.574  0.000   
     9600000  -1.016885   0.599  0.574  0.000   
     9700000  -1.342262   0.601  0.574  0.000   
     9800000  -1.364121   0.601  0.574  0.000   
     9900000  -1.042909   0.603  0.574  0.000   
    10000000  -1.100624   0.603  0.573  0.000   
    10100000  -0.708005   0.605  0.573  0.000   
    10200000  -1.130013   0.606  0.573  0.000   
    10300000  -1.150346   0.607  0.573  0.000   
    10400000  -1.214176   0.607  0.573  0.000   
    10500000  -0.404843   0.607  0.573  0.000   
    10600000  -0.297208   0.605  0.573  0.000   
    10700000  -0.605127   0.603  0.573  0.000   
    10800000  -0.474032   0.601  0.573  0.000   
    10900000  -0.662681   0.599  0.574  0.000   
    11000000  -0.529465   0.597  0.574  0.000   
    11100000  -0.526244   0.596  0.574  0.000   
    11200000  -0.661529   0.594  0.575  0.000   
    11300000  -0.596441   0.592  0.575  0.000   
    11400000  -0.471744   0.591  0.575  0.000   
    11500000  -0.535022   0.589  0.575  0.000   
    11600000  -0.185737   0.587  0.576  0.000   
    11700000  -0.593588   0.586  0.576  0.000   
    11800000  -0.496744   0.584  0.576  0.000   
    11900000  -0.618971   0.583  0.576  0.000   
    12000000  -0.739782   0.581  0.576  0.000   
    12100000  -0.502717   0.580  0.577  0.000   
    12200000  -0.657526   0.578  0.577  0.000   
    12300000  -0.757125   0.577  0.577  0.000   
    12400000  -0.574952   0.575  0.577  0.000   
    12500000  -0.346433   0.574  0.577  0.000   
    12600000  -0.515225   0.573  0.578  0.000   
    12700000  -0.469247   0.571  0.578  0.000   
    12800000  -0.680486   0.570  0.578  0.000   
    12900000  -0.470341   0.569  0.578  0.000   
    13000000  -0.838798   0.568  0.578  0.000   
    13100000  -0.606170   0.567  0.579  0.000   
    13200000  -0.740692   0.565  0.579  0.000   
    13300000  -0.651318   0.564  0.579  0.000   
    13400000  -0.677301   0.563  0.579  0.000   
    13500000  -0.719780   0.562  0.579  0.000   
    13600000  -0.355863   0.561  0.579  0.000   
    13700000  -0.499581   0.560  0.580  0.000   
    13800000  -0.604281   0.558  0.580  0.000   
    13900000  -0.334297   0.557  0.580  0.000   
    14000000  -0.646444   0.556  0.580  0.000   
    14100000  -0.632548   0.555  0.580  0.000   
    14200000  -0.793235   0.554  0.580  0.000   
    14300000  -0.711368   0.553  0.581  0.000   
    14400000  -0.506873   0.552  0.581  0.000   
    14500000  -0.838568   0.551  0.581  0.000   
    14600000  -0.501366   0.550  0.581  0.000   
    14700000  -0.412331   0.549  0.581  0.000   
    14800000  -0.309757   0.548  0.582  0.000   
    14900000  -0.326547   0.547  0.582  0.000   
    15000000  -0.454923   0.546  0.582  0.000   
    15100000  -0.631725   0.545  0.582  0.000   
    15200000  -0.678549   0.544  0.582  0.000   
    15300000  -0.523465   0.543  0.582  0.000   
    15400000  -0.356998   0.542  0.582  0.000   
    15500000  -0.548453   0.541  0.583  0.000   
    15600000  -0.263218   0.540  0.583  0.000   
    15700000  -0.651416   0.539  0.583  0.000   
    15800000  -0.576841   0.539  0.583  0.000   
    15900000  -0.564864   0.538  0.583  0.000   
    16000000  -0.589320   0.537  0.583  0.000   
    16100000  -0.914079   0.537  0.583  0.000   
    16200000  -1.064204   0.538  0.583  0.000   
    16300000  -1.232121   0.539  0.583  0.000   
    16400000  -0.927763   0.540  0.583  0.000   
    16500000  -1.204842   0.541  0.583  0.000   
    16600000  -1.018106   0.543  0.583  0.000   
    16700000  -1.154386   0.544  0.583  0.000   
    16800000  -0.668450   0.544  0.583  0.000   
    16900000  -0.462310   0.543  0.583  0.000   
    17000000  -0.802132   0.542  0.583  0.000   
    17100000  -0.490235   0.541  0.583  0.000   
    17200000  -0.805075   0.541  0.583  0.000   
    17300000  -0.652719   0.540  0.583  0.000   
    17400000  -0.478375   0.539  0.583  0.000   
    17500000  -0.648405   0.538  0.583  0.000   
    17600000  -0.606927   0.538  0.583  0.000   
    17700000  -0.567581   0.537  0.584  0.000   
    17800000  -0.758452   0.536  0.584  0.000   
    17900000  -0.550580   0.535  0.584  0.000   
    18000000  -0.563453   0.535  0.584  0.000   
    18100000  -0.517781   0.534  0.584  0.000   
    18200000  -0.344088   0.533  0.584  0.000   
    18300000  -0.715444   0.533  0.584  0.000   
    18400000  -0.432532   0.532  0.584  0.000   
    18500000  -0.599253   0.531  0.584  0.000   
    18600000  -0.535334   0.530  0.585  0.000   
    18700000  -0.396521   0.530  0.585  0.000   
    18800000  -0.526353   0.529  0.585  0.000   
    18900000  -0.590254   0.528  0.585  0.000   
    19000000  -0.544465   0.528  0.585  0.000   
    19100000  -0.355042   0.527  0.585  0.000   
    19200000  -0.742955   0.526  0.585  0.000   
    19300000  -0.693822   0.526  0.585  0.000   
    19400000  -0.783030   0.525  0.585  0.000   
    19500000  -0.465314   0.524  0.586  0.000   
    19600000  -0.599809   0.524  0.586  0.000   
    19700000  -0.794758   0.523  0.586  0.000   
    19800000  -0.478596   0.522  0.586  0.000   
    19900000  -0.644818   0.522  0.586  0.000   
    20000000  -0.355536   0.521  0.586  0.000   
    20100000  -0.486687   0.521  0.586  0.000   
    20200000  -0.467141   0.520  0.586  0.000   
    20300000  -0.504725   0.519  0.586  0.000   
    20400000  -0.673359   0.519  0.586  0.000   
    20500000  -0.790554   0.518  0.586  0.000   
    20600000  -0.512616   0.518  0.587  0.000   
    20700000  -0.666057   0.517  0.587  0.000   
    20800000  -0.539424   0.517  0.587  0.000   
    20900000  -0.677017   0.516  0.587  0.000   
    21000000  -0.684351   0.515  0.587  0.000   
    21100000  -0.493671   0.515  0.587  0.000   
    21200000  -0.520663   0.514  0.587  0.000   
    21300000  -0.627341   0.514  0.587  0.000   
    21400000  -0.698405   0.513  0.587  0.000   
    21500000  -0.343593   0.513  0.587  0.000   
    21600000  -0.805229   0.512  0.587  0.000   
    21700000  -0.612273   0.512  0.587  0.000   
    21800000  -0.730003   0.511  0.587  0.000   
    21900000  -1.226605   0.511  0.587  0.000   
    22000000  -1.194014   0.512  0.587  0.000   
    22100000  -0.868918   0.513  0.587  0.000   
    22200000  -0.542896   0.513  0.587  0.000   
    22300000  -0.780718   0.512  0.587  0.000   
    22400000  -0.725741   0.512  0.587  0.000   
    22500000  -0.458910   0.511  0.588  0.000   
    22600000  -0.579183   0.511  0.588  0.000   
    22700000  -0.551894   0.510  0.588  0.000   
    22800000  -0.357379   0.510  0.588  0.000   
    22900000  -0.614980   0.509  0.588  0.000   
    23000000  -0.630139   0.509  0.588  0.000   
    23100000  -0.727662   0.508  0.588  0.000   
    23200000  -0.687837   0.508  0.588  0.000   
    23300000  -0.534028   0.507  0.588  0.000   
    23400000  -0.679341   0.507  0.588  0.000   
    23500000  -0.294477   0.507  0.588  0.000   
    23600000  -0.472377   0.506  0.588  0.000   
    23700000  -0.805051   0.506  0.588  0.000   
    23800000  -0.331317   0.505  0.588  0.000   
    23900000  -0.629527   0.505  0.589  0.000   
    24000000  -0.654231   0.504  0.589  0.000   
    24100000  -0.546947   0.504  0.589  0.000   
    24200000  -0.580955   0.503  0.589  0.000   
    24300000  -0.647180   0.503  0.589  0.000   
    24400000  -0.691168   0.503  0.589  0.000   
    24500000  -0.412463   0.502  0.589  0.000   
    24600000  -0.632976   0.502  0.589  0.000   
    24700000  -0.610989   0.501  0.589  0.000   
    24800000  -0.316536   0.501  0.589  0.000   
    24900000  -0.804824   0.501  0.589  0.000   
    25000000  -0.598930   0.500  0.589  0.000   
    25100000  -0.325400   0.500  0.589  0.000   
    25200000  -1.241824   0.500  0.589  0.000   
    25300000  -1.298441   0.501  0.589  0.000   
    25400000  -1.198118   0.502  0.589  0.000   
    25500000  -0.488448   0.502  0.589  0.000   
    25600000  -0.465008   0.502  0.589  0.000   
    25700000  -0.395457   0.501  0.589  0.000   
    25800000  -0.650370   0.501  0.589  0.000   
    25900000  -0.502372   0.500  0.589  0.000   
    26000000  -0.652787   0.500  0.589  0.000   
    26100000  -0.558762   0.499  0.589  0.000   
    26200000  -0.501553   0.499  0.589  0.000   
    26300000  -0.477900   0.499  0.590  0.000   
    26400000  -0.680232   0.498  0.590  0.000   
    26500000  -0.520348   0.498  0.590  0.000   
    26600000  -0.667123   0.498  0.590  0.000   
    26700000  -0.319645   0.497  0.590  0.000   
    26800000  -0.363257   0.497  0.590  0.000   
    26900000  -0.618332   0.497  0.590  0.000   
    27000000  -0.680045   0.496  0.590  0.000   
    27100000  -0.377096   0.496  0.590  0.000   
    27200000  -0.391349   0.495  0.590  0.000   
    27300000  -0.614143   0.495  0.590  0.000   
    27400000  -0.465929   0.495  0.590  0.000   
    27500000  -0.661796   0.494  0.590  0.000   
    27600000  -0.450673   0.494  0.590  0.000   
    27700000  -0.619297   0.494  0.590  0.000   
    27800000  -0.480660   0.494  0.590  0.000   
    27900000  -0.554614   0.493  0.590  0.000   
    28000000  -1.302058   0.494  0.590  0.000   
    28100000  -1.205321   0.494  0.590  0.000   
    28200000  -1.292911   0.495  0.590  0.000   
    28300000  -1.160504   0.496  0.590  0.000   
    28400000  -1.321125   0.497  0.590  0.000   
    28500000  -1.238485   0.497  0.590  0.000   
    28600000  -0.295079   0.497  0.590  0.000   
    28700000  -0.261880   0.497  0.590  0.000   
    28800000  -0.485195   0.497  0.590  0.000   
    28900000  -0.577333   0.496  0.590  0.000   
    29000000  -0.440244   0.496  0.590  0.000   
    29100000  -0.766724   0.496  0.590  0.000   
    29200000  -0.316672   0.495  0.590  0.000   
    29300000  -0.645619   0.495  0.590  0.000   
    29400000  -0.484523   0.495  0.590  0.000   
    29500000  -0.462194   0.494  0.590  0.000   
    29600000  -0.833529   0.494  0.590  0.000   
    29700000  -0.373980   0.494  0.590  0.000   
    29800000  -0.656095   0.493  0.590  0.000   
    29900000  -0.351697   0.493  0.590  0.000   
    30000000  -0.341904   0.493  0.590  0.000   
    30100000  -0.633903   0.493  0.590  0.000   
    30200000  -0.470374   0.492  0.591  0.000   
    30300000  -0.458390   0.492  0.591  0.000   
    30400000  -0.483589   0.492  0.591  0.000   
    30500000  -0.613764   0.491  0.591  0.000   
    30600000  -0.274265   0.491  0.591  0.000   
    30700000  -0.584359   0.491  0.591  0.000   
    30800000  -0.406541   0.491  0.591  0.000   
    30900000  -0.515458   0.490  0.591  0.000   
    31000000  -0.471901   0.490  0.591  0.000   
    31100000  -0.406952   0.490  0.591  0.000   
    31200000  -0.612983   0.489  0.591  0.000   
    31300000  -0.739402   0.489  0.591  0.000   
    31400000  -0.598071   0.489  0.591  0.000   
    31500000  -0.538030   0.489  0.591  0.000   
    31600000  -0.660181   0.488  0.591  0.000   
    31700000  -0.489957   0.488  0.591  0.000   
    31800000  -0.510140   0.488  0.591  0.000   
    31900000  -0.506301   0.488  0.591  0.000   
    32000000  -0.612188   0.487  0.591  0.000   
    32100000  -0.639721   0.487  0.591  0.000   
    32200000  -0.780613   0.487  0.591  0.000   
    32300000  -0.495265   0.487  0.591  0.000   
    32400000  -0.646399   0.486  0.591  0.000   
    32500000  -0.569687   0.486  0.591  0.000   
    32600000  -0.643155   0.486  0.592  0.000   
    32700000  -0.618643   0.485  0.592  0.000   
    32800000  -0.663722   0.485  0.592  0.000   
    32900000  -0.668358   0.485  0.592  0.000   
    33000000  -0.742808   0.485  0.592  0.000   
    33100000  -0.762063   0.484  0.592  0.000   
    33200000  -0.518933   0.484  0.592  0.000   
    33300000  -0.605543   0.484  0.592  0.000   
    33400000  -0.593194   0.484  0.592  0.000   
    33500000  -0.649434   0.484  0.592  0.000   
    33600000  -0.510475   0.483  0.592  0.000   
    33700000  -0.520881   0.483  0.592  0.000   
    33800000  -0.491915   0.483  0.592  0.000   
    33900000  -0.312754   0.482  0.592  0.000   
    34000000  -0.491284   0.482  0.592  0.000   
    34100000  -0.600952   0.482  0.592  0.000   
    34200000  -0.602332   0.482  0.592  0.000   
    34300000  -0.449913   0.481  0.592  0.000   
    34400000  -1.254002   0.481  0.592  0.000   
    34500000  -1.303962   0.482  0.592  0.000   
    34600000  -1.238517   0.483  0.592  0.000   
    34700000  -1.188801   0.483  0.592  0.000   
    34800000  -1.127623   0.484  0.592  0.000   
    34900000  -1.110101   0.485  0.592  0.000   
    35000000  -1.183872   0.485  0.592  0.000   
    35100000  -1.247213   0.486  0.592  0.000   
    35200000  -1.179450   0.487  0.591  0.000   
    35300000  -0.745158   0.487  0.591  0.000   
    35400000  -0.577992   0.486  0.591  0.000   
    35500000  -1.252439   0.487  0.591  0.000   
    35600000  -0.635211   0.487  0.591  0.000   
    35700000  -0.383361   0.487  0.591  0.000   
    35800000  -0.533550   0.487  0.591  0.000   
    35900000  -0.597018   0.487  0.591  0.000   
    36000000  -0.471894   0.486  0.591  0.000   
    36100000  -0.471513   0.486  0.592  0.000   
    36200000  -0.788245   0.486  0.592  0.000   
    36300000  -0.299387   0.486  0.592  0.000   
    36400000  -0.471723   0.485  0.592  0.000   
    36500000  -0.564023   0.485  0.592  0.000   
    36600000  -0.675475   0.485  0.592  0.000   
    36700000  -0.600381   0.485  0.592  0.000   
    36800000  -0.404415   0.484  0.592  0.000   
    36900000  -0.499045   0.484  0.592  0.000   
    37000000  -1.173791   0.484  0.592  0.000   
    37100000  -0.780820   0.484  0.592  0.000   
    37200000  -0.743142   0.484  0.592  0.000   
    37300000  -0.508862   0.484  0.592  0.000   
    37400000  -0.646405   0.484  0.592  0.000   
    37500000  -0.704561   0.483  0.592  0.000   
    37600000  -0.633341   0.483  0.592  0.000   
    37700000  -0.764926   0.483  0.592  0.000   
    37800000  -0.716768   0.483  0.592  0.000   
    37900000  -0.471468   0.483  0.592  0.000   
    38000000  -0.551792   0.482  0.592  0.000   
    38100000  -0.552530   0.482  0.592  0.000   
    38200000  -0.299023   0.482  0.592  0.000   
    38300000  -0.498460   0.482  0.592  0.000   
    38400000  -0.667849   0.481  0.592  0.000   
    38500000  -0.574794   0.481  0.592  0.000   
    38600000  -0.663242   0.481  0.592  0.000   
    38700000  -0.633142   0.481  0.592  0.000   
    38800000  -0.514520   0.481  0.592  0.000   
    38900000  -0.755416   0.481  0.592  0.000   
    39000000  -0.651667   0.480  0.592  0.000   
    39100000  -0.689232   0.480  0.592  0.000   
    39200000  -0.553937   0.480  0.592  0.000   
    39300000  -0.587020   0.480  0.592  0.000   
    39400000  -0.314706   0.480  0.592  0.000   
    39500000  -0.589912   0.479  0.592  0.000   
    39600000  -0.903278   0.479  0.592  0.000   
    39700000  -0.888472   0.479  0.592  0.000   
    39800000  -0.914060   0.479  0.593  0.000   
    39900000  -0.663319   0.479  0.593  0.000   
    40000000  -0.673598   0.479  0.593  0.000   
    40100000  -0.411419   0.478  0.593  0.000   
    40200000  -0.695263   0.478  0.593  0.000   
    40300000  -0.427161   0.478  0.593  0.000   
    40400000  -0.598171   0.478  0.593  0.000   
    40500000  -0.752094   0.478  0.593  0.000   
    40600000  -0.591063   0.477  0.593  0.000   
    40700000  -0.376918   0.477  0.593  0.000   
    40800000  -0.506634   0.477  0.593  0.000   
    40900000  -0.423305   0.477  0.593  0.000   
    41000000  -0.521773   0.477  0.593  0.000   
    41100000  -0.533734   0.476  0.593  0.000   
    41200000  -0.542546   0.476  0.593  0.000   
    41300000  -0.459748   0.476  0.593  0.000   
    41400000  -0.784666   0.476  0.593  0.000   
    41500000  -0.546059   0.476  0.593  0.000   
    41600000  -0.506831   0.475  0.593  0.000   
    41700000  -0.365902   0.475  0.593  0.000   
    41800000  -0.775835   0.475  0.593  0.000   
    41900000  -0.723798   0.475  0.593  0.000   
    42000000  -0.381854   0.475  0.593  0.000   
    42100000  -0.780400   0.475  0.593  0.000   
    42200000  -0.529544   0.474  0.593  0.000   
    42300000  -1.261636   0.475  0.593  0.000   
    42400000  -1.235186   0.475  0.593  0.000   
    42500000  -0.937469   0.476  0.593  0.000   
    42600000  -1.122893   0.476  0.593  0.000   
    42700000  -1.060721   0.477  0.593  0.000   
    42800000  -1.290489   0.477  0.593  0.000   
    42900000  -0.926462   0.478  0.593  0.000   
    43000000  -0.867942   0.478  0.593  0.000   
    43100000  -1.201343   0.479  0.593  0.000   
    43200000  -0.909534   0.480  0.592  0.000   
    43300000  -0.874524   0.480  0.592  0.000   
    43400000  -0.659283   0.480  0.592  0.000   
    43500000  -0.547976   0.480  0.592  0.000   
    43600000  -0.445369   0.480  0.592  0.000   
    43700000  -0.771589   0.480  0.592  0.000   
    43800000  -0.842162   0.480  0.592  0.000   
    43900000  -1.205979   0.480  0.592  0.000   
    44000000  -1.001414   0.481  0.592  0.000   
    44100000  -1.299863   0.481  0.592  0.000   
    44200000  -1.020723   0.482  0.592  0.000   
    44300000  -1.134981   0.482  0.592  0.000   
    44400000  -1.227139   0.483  0.592  0.000   
