t = 17123
b = 50 50 50
E = -0.482438197929289 -0.482438197929289 0
56.0131763615016 36.1510777824035 54.7041386935255 -0.698126655474473 0.369853091272154 0.613048011001136 0.266434797293359 -0.660546376100681 0.701919499523655 0 0 0 0 0 0
56.1488108750044 35.9602559065352 55.1502298801976 -0.978122905989625 -0.203832725798615 0.0415668217679781 0.194002891452226 -0.821659413559678 0.535946532983405 0 0 0 0 0 0
56.1862015593574 35.7124189156003 55.5451782685487 -0.652518681043131 -0.543410472617621 -0.528132965397176 0.220485407263932 -0.802951391412498 0.553764614445865 0 0 0 0 0 0
56.8443373999019 35.7258871277861 56.0860169394163 0.373770471169911 0.456985391279532 -0.807130712486225 0.0480646275442358 0.859489676614464 0.508888285748631 0 0 0 0 0 0
57.1057172724841 36.2844291520872 56.3942380619099 -0.174604016129919 0.421611507124942 -0.889807380623001 -0.124929502998342 0.886899927208271 0.444748398983639 0 0 0 0 0 0
57.3010719723795 36.7654911123482 56.3818457565637 -0.96480706505579 -0.0198076931107305 -0.262211713148052 -0.127566127151651 0.907220272373984 0.400846929135308 0 0 0 0 0 0
56.9024341523366 37.0281065355359 57.2618955016783 -0.297206726580709 0.14205997579361 0.94418595888349 -0.509955880335331 0.812401008068115 -0.282753606875922 0 0 0 0 0 0
56.4593006142883 37.2088264367413 57.1496399625664 0.63183885873878 0.409017509146336 0.658395271701893 0.00190528590684428 0.848610781979279 -0.529014282032311 0 0 0 0 0 0
56.4326325749544 37.7109520401875 57.1042093369235 0.965034289696293 -0.254350148474854 0.0633626205361389 0.256121591628999 0.863540659319144 -0.434395280826222 0 0 0 0 0 0
57.0515597294592 37.7344367623102 56.7677224481967 0.927786659260716 0.0794178961146274 0.364560986221199 0.184172761082228 -0.947231822460669 -0.262359045190362 0 0 0 0 0 0
56.5205922219199 38.2301197155433 55.7158697504165 0.340609018624558 0.377136882606923 -0.861250990251506 0.786639971530347 -0.61602592458586 0.041347496041822 0 0 0 0 0 0
56.1077457602856 37.3614974737502 56.045456092742 0.51658962447234 -0.693521857013775 0.502157937039476 -0.218214602468128 -0.673744164806975 -0.706010756049983 0 0 0 0 0 0
56.4190032831298 37.1007748793831 55.7828148825392 -0.41873573121949 -0.744908117272745 0.519396076439993 -0.114314324931276 -0.524165975059665 -0.843908920266433 0 0 0 0 0 0
56.5158025429549 36.7572801559523 55.4430784694989 -0.843342179626499 -0.223862695824306 0.488527851284907 -0.369275855083669 -0.41902270072248 -0.829491000030413 0 0 0 0 0 0
57.4893275661208 37.0328160313256 54.964650335769 0.561614534592216 -0.736217105862505 0.377589045882233 -0.369280948453832 -0.6314165304164 -0.681868569612935 0 0 0 0 0 0
57.6491927195475 36.8595914201593 54.5403660328217 -0.242367919078045 -0.667844606912991 0.703733879260478 -0.603473978868388 -0.464181817481931 -0.648347435521953 0 0 0 0 0 0
58.3202200190233 36.5924246404748 55.0094692108072 0.262082880636301 -0.338576893287035 0.903702523516149 -0.433786905853146 -0.877830791357106 -0.203081318824946 0 0 0 0 0 0
57.7516875543255 36.0965792103221 53.8960789178082 -0.753324311649155 -0.158274998529839 -0.638319282427464 0.594313531330511 -0.579434521915896 -0.557715932432922 0 0 0 0 0 0
