t = 44428852
b = 50 50 50
E = -1.17271615064795 -1.17271615064795 0
5070.58047803476 -1540.60293142721 4139.36005990892 -0.460258649908197 -0.594899807393705 -0.65898124744393 0.69949955615066 0.214074652339757 -0.681815634640228 0 0 0 0 0 0
5070.94648844116 -1540.80315847115 4139.10555003576 -0.619407189755792 0.0800056897453705 -0.780982666968881 0.783582128211091 0.12421922397274 -0.608743517807461 0 0 0 0 0 0
5071.27063238319 -1540.95377862866 4138.72603006847 -0.725227089499319 0.486406009098351 -0.48729350628641 0.570310882455163 0.027874609439658 -0.820955929372664 0 0 0 0 0 0
5071.33309450207 -1541.10818067015 4138.18661048017 -0.344415251844684 0.93182917755132 -0.114335358290724 0.507288485185326 0.082242594386736 -0.857843014536383 0 0 0 0 0 0
5071.31649782791 -1541.06039775977 4137.69510937481 0.207457621177741 0.92736314744047 0.311382520111076 0.564586247468173 0.146438784239193 -0.812279651584699 0 0 0 0 0 0
5071.26638795191 -1540.74592968788 4137.26654052245 0.733730684957526 0.477868650042245 0.482991671008599 0.465966401704368 0.163442405872475 -0.869575828318917 0 0 0 0 0 0
5071.67098997595 -1541.30971183312 4136.32422371343 0.347756200854645 -0.67629807095507 -0.649374042926816 0.539734734215033 -0.421929930491953 0.728465347489483 0 0 0 0 0 0
5072.05316296106 -1541.77071283898 4137.34692863092 0.241400632678821 -0.761422595876571 0.601632388188206 0.464719911283191 0.634961394912676 0.617138200145208 0 0 0 0 0 0
5072.70002472416 -1541.02920142694 4136.6583150713 0.338925757365755 0.925124876650617 -0.171094962261818 -0.338402623547926 0.289562958909742 0.895341913951354 0 0 0 0 0 0
5072.85982323914 -1540.87276695229 4137.04611654254 -0.493919403194147 0.80825852766714 -0.320564746019731 -0.446161386220239 0.0808519497631207 0.891292858980666 0 0 0 0 0 0
5072.66592751509 -1540.60405954425 4137.50148125128 -0.575586447179773 0.503203329323782 -0.644582601041158 -0.738215004375262 0.0193323138430868 0.674288472619133 0 0 0 0 0 0
5072.2777761013 -1540.48484757715 4137.82574336933 -0.431022617503203 0.259245570677949 -0.86429815662244 -0.887443663157858 0.0515425830883042 0.45802535322008 0 0 0 0 0 0
5071.96783024156 -1540.07328261424 4137.91949938343 -0.551027244063205 -0.558673074283625 -0.619881817709654 -0.78989639750065 0.109617145637193 0.603363886447641 0 0 0 0 0 0
5071.5128910594 -1539.93283517533 4138.06118298215 -0.125643745592168 -0.927692883791653 -0.351567498640552 -0.724809615298211 -0.156132034394598 0.671024585874373 0 0 0 0 0 0
5070.98618885078 -1539.94983443716 4138.06531926422 0.241092149441112 -0.968498762339542 0.0623290202308256 -0.794456990975152 -0.160064217614146 0.585847867466844 0 0 0 0 0 0
5070.52730794018 -1540.24074617752 4138.09711495608 0.532819598362284 -0.627957974845208 0.567249676961806 -0.828700446486084 -0.251469604804932 0.500018792981185 0 0 0 0 0 0
5070.19236657246 -1540.64057606764 4138.2064973739 0.649879410196179 -0.280774616998829 0.706273609087437 -0.747905864236678 -0.401616339980247 0.528527406962335 0 0 0 0 0 0
5069.93204872097 -1541.01603058957 4138.45370713618 0.512971653640515 0.197888959477353 0.835284488623624 -0.632790349235722 -0.570333293104999 0.523733191543066 0 0 0 0 0 0
