t = 71150
b = 50 50 50
E = -0.789835058336565 -0.789835058336565 0
-2.08146269880775 -106.016132044117 -172.481512192829 0.587579050447933 0.762137591812078 -0.271840303526825 -0.781879585374256 0.4482571737531 -0.433277994079932 0 0 0 0 0 0
-2.41978003482704 -105.628996292698 -171.561570158881 -0.282235665449449 0.337387906061688 0.89806037101724 -0.509154593903433 0.740718176325242 -0.438290066928731 0 0 0 0 0 0
-2.90914615241707 -105.546337804791 -171.5884836905 0.269547503276864 0.720506034962489 0.638917206733291 -0.702377427896806 0.600989654582603 -0.381414975932699 0 0 0 0 0 0
-3.29147630272507 -105.389582950858 -171.444139374658 0.540779330189301 0.814333355539909 -0.210757922971175 -0.826656499378267 0.468166088403292 -0.312185114483085 0 0 0 0 0 0
-3.54935914570308 -104.991224654367 -171.359049544277 0.282974546242882 0.116696477386488 -0.952001753330444 -0.918410298610611 0.319100779058371 -0.23387435988203 0 0 0 0 0 0
-3.74152259189871 -104.589147663945 -171.334280302763 -0.113981561259459 -0.442692835050622 -0.889399380193017 -0.786272020076504 0.587417134332655 -0.191617902966298 0 0 0 0 0 0
-3.94370643767475 -104.179854049268 -171.614517718319 -0.388242087704267 -0.861109739987077 -0.3282652845405 -0.874137040223688 0.45690100124962 -0.164699453448106 0 0 0 0 0 0
-3.80723059554276 -103.178334490234 -171.32700951024 -0.539171637938562 -0.284446470550363 0.792706850124384 0.134252133584438 0.900174012108758 0.414322474109344 0 0 0 0 0 0
-4.09299594977327 -102.718475444389 -171.226607142925 0.0290023557883856 -0.508131383527073 0.860791124741412 -0.142107386819834 0.850310345850187 0.506732480063577 0 0 0 0 0 0
-4.27014221903967 -101.797198454934 -171.934551126409 -0.966131814282974 0.185505511711678 -0.179379548875542 0.258000862461427 0.680965457535879 -0.685362386341797 0 0 0 0 0 0
-4.2879318694506 -101.657093436696 -172.467704606201 -0.698530910326613 0.589017669510637 0.406340685044632 0.290212961749229 0.752243654920619 -0.591528461246313 0 0 0 0 0 0
-4.45244989758501 -101.269754224165 -172.74241972966 -0.150682702391319 0.50769202862679 0.8482591156415 0.153190815896031 0.859682980583552 -0.487316885424832 0 0 0 0 0 0
-4.49811800992716 -100.768196733163 -173.025293786335 0.406183352859448 0.308135204965565 0.860271921732137 0.140163634813533 0.909281550720666 -0.391868877298084 0 0 0 0 0 0
-5.6176718630808 -100.582393251583 -173.112059707979 -0.865060319825405 -0.493230258143778 0.09162180698367 -0.215942259407687 0.530949784442623 0.819427401910736 0 0 0 0 0 0
-6.00317170449197 -100.303989991393 -172.817663419488 -0.243123589303114 -0.91158434905767 0.331519071664866 -0.272423479263575 0.39218761398888 0.878620693689632 0 0 0 0 0 0
-6.45401284312849 -100.160746915962 -172.601401390222 0.462687683800209 -0.573851786800817 0.675732368652781 -0.544010496364976 0.41805392823028 0.727518723426387 0 0 0 0 0 0
-6.91151067671108 -100.187860729446 -172.299976538254 0.863700606661231 -0.0149788390902913 0.503782588457047 -0.494832862621848 0.164626670343305 0.85325171988171 0 0 0 0 0 0
-6.8626605724626 -100.397980622308 -171.931584564599 0.517759597097281 0.728071520774845 0.44926257383654 -0.590073054740312 -0.0763270023983146 0.803733773568268 0 0 0 0 0 0
