t = 3000000
b = 8.92462 8.92462 8.92462
E = -0.591800494298554 -0.733668090556142 0.141867596257588
4.94427778051377 5.67216408424493 2.8213871859677 0.0690436271681702 -0.691183241606917 0.719373824323109 -0.6545146768792 -0.575587889968873 -0.490213332388047 -0.245615854877944 -0.143947692115411 -0.0207067583813298 0.0135706844215758 -0.112088513628119 0.0304624154635421
4.91032574762866 5.39373734096551 2.25468088276136 -0.238071686920678 -0.342740114276825 0.908763491057261 -0.388736700684379 -0.823826755288354 -0.412544834966426 -0.167530219520069 0.0176797365667448 0.216190476035596 -0.142089339369854 0.172147014565569 0.936824543169316
5.09697998379255 4.89444296170762 2.08544393507504 -0.828878168630842 0.175964161827235 0.531034495697447 -0.365713741565681 -0.88875961619676 -0.276332874353097 -0.2541348436233 -0.0214171008061358 0.237030856659064 -0.231170183390337 -0.353365309771807 -0.51150062183505
5.14889737810404 4.36131304237867 2.28784349685631 -0.945217144716499 0.311897122973664 -0.0963577432139973 -0.290836705712924 -0.938650479671308 -0.185335823402531 -0.575242696462127 -0.288716629967763 0.831243055835425 -0.0431336419755372 -0.186934247193636 0.256872859080511
5.19526092568065 3.68926459964164 2.53079574393302 -0.910465959152187 0.38752114908296 -0.144496268822774 -0.410459126819125 -0.889512463118919 0.200726079019153 0.460783707134099 0.431928481871897 -0.202603874304377 0.185753538172005 -0.200911402916218 0.0109564496419046
5.14923137662641 3.42291566843477 3.05942955952575 -0.82450862179421 0.140497587379919 -0.548129561432201 -0.468396566977466 -0.712952399091047 0.521827168564447 0.438704644919692 0.223890989879432 0.286671902249925 0.49382131150003 0.280655865000611 -0.159384144832655
4.91638854915859 3.27047676615472 3.61338751249697 -0.57025476905179 -0.248053170287948 -0.783121389582371 -0.648883573903368 -0.448581508251565 0.614593133707195 0.276199121023122 0.84540213808092 0.0287742816606168 -0.265546182913841 0.0844744552744466 0.764492803987804
5.67827027632657 3.16867309380647 3.88482229527033 0.229610431247103 0.878100566726491 -0.419783868680468 0.401460015590861 0.307458806029267 0.862727627810624 0.534909137846099 0.0945603489607792 0.495902666039309 0.173499773932875 -0.222038880389465 0.286766004398084
5.31077438577716 2.66018194698738 4.4894074923271 -0.350453261879313 0.931318897379738 0.0991345883561559 -0.858673142410678 -0.277231170016802 -0.431072320146354 0.071194244910522 -0.384105991016279 -0.571969966489285 -0.0564651226571282 -0.156101309728616 -0.160987775086554
4.88090141956238 1.55990960814518 4.33275672859562 0.701488895129745 -0.700880984745295 -0.129148204008551 0.269104333273588 0.0926934119699011 0.958640083784828 -0.260403489817744 0.644422328928838 0.796423477540901 -0.0147025448753056 -0.400552575067716 -0.0945727337943851
4.71089560834867 1.4132072631064 4.90855066905106 0.886522296663084 0.0224290599888162 -0.462141916737623 0.459878207382337 0.0671544990385845 0.885439047108436 -0.381991091319096 -0.618874774484598 0.52318051726354 0.418066942807843 -0.0115336727549459 -0.270209833140583
4.63951640697653 1.15071815106924 5.42513149702276 0.768002678223857 0.199804872450427 -0.608481633751123 0.637257946968953 -0.143716909190637 0.757131269063594 -0.0757003110918523 -0.288386094304988 -0.757289439298163 -0.245217738547927 -0.0232469281749199 0.00256131293937054
4.21678003498891 5.50928893904378 -2.1492832646204 -0.362063478037748 -0.868974993180709 -0.337331428667718 0.407863914561582 -0.47308759690006 0.780919425738531 0.106309818915472 -0.276847091292623 -0.0899749395679475 -0.138497717375558 -0.452786130837695 -0.322195258026728
3.83221541408385 6.14662667490639 -1.20967880638019 -0.732945384894704 0.560921646881723 0.384913022572219 -0.313214153296527 -0.780518085414941 0.54100690768276 0.177600390054597 -0.216112424083992 -0.306355961702331 -0.289763856496275 -0.270238183121527 0.0545430891878846
4.05461374349898 5.80470841642895 -0.821039395290122 -0.955048354376085 0.288819622074609 -0.0668270717191442 -0.285348600570261 -0.83451012417862 0.471348087906498 0.0421989222282617 0.077595178198511 -0.296146303776094 -0.583931373565979 -0.214813993499984 0.821123462869667
3.73131360466234 4.80512975610298 -0.463485375617888 -0.0337240296097766 -0.291363509251517 0.95601778356222 0.994170910048498 0.0882333988765995 0.0619606039104202 0.296992208603806 0.106833726845281 0.0304752610112511 0.0253021104106507 -0.324866695887359 0.00235949844295757
4.08050811836102 4.90318289040175 -0.338005690865583 0.790474013700688 -0.547888073064896 -0.27380569348512 0.564810011040521 0.479110598902165 0.671894876891957 -0.285147078526635 -0.30212261769454 0.375890116296292 -0.223247572198908 -0.0412183513743213 0.598252861330542
4.1029260406679 4.88324376661224 0.169759333831853 0.864048225314263 -0.175062681597829 -0.471989141315387 0.497756845185609 0.156998001569439 0.852988723622023 0.472459250407077 0.258892893380841 0.0333432722860811 0.211973174015196 0.274642545100057 0.303760934562433
4.2439196615394 4.54986723663693 0.611999148846113 0.675223289858014 0.653116871881611 -0.342800104066731 0.311142629180866 0.1691744015382 0.935184633324131 0.0517609050380625 0.525747147767125 0.0815577372624761 -0.129796423613076 -0.264496524660671 -0.450563166966559
4.12375049370657 4.28658257858355 1.88297863351994 0.731966976015517 -0.416283424482584 0.539381565448839 0.439515167659263 0.893401019300042 0.093064814977317 -0.0942963258878374 0.123153461698392 0.613388205129634 -0.107627604703805 -0.221187814061202 0.0904735517913637
4.05564399312694 4.81751722383931 2.23075019108888 0.869549671614332 -0.493843419204201 -0.0014268201666581 0.466183139536677 0.819885751418152 0.332356172287111 0.324019324940161 -0.0374000128341291 -0.310286125477249 -0.398014666565562 -0.277708421714925 0.209150116850047
4.14007816712882 5.01378500529396 2.78542094265604 0.76205572098565 -0.0305437613189249 -0.646790684933382 0.424794579133535 0.777467160063499 0.463782737076961 0.0373878423303761 -0.172551556429737 0.759648599215644 -0.631110437836899 0.0361936311484237 -0.0741631526094014
4.34824066676307 5.04467807945308 3.31033565715686 0.413594004879793 0.357297666595755 -0.837423665758842 0.660760565261687 0.514982779641658 0.546066162969922 0.177683803679544 0.481398926149149 -0.515325122427352 -0.0739289391534317 -0.0666147413419053 -0.125566525721333
4.91612545975682 5.04335063558022 3.82009452177908 0.122144369154132 0.376134355266954 -0.918479015743997 0.536603069778405 0.753470298902607 0.379920605356421 -0.20959094124739 0.1338949531912 -0.0918588352356125 0.41343471359568 -0.171668490424376 -0.0277874378483231
