        0.0000  -0.361719   0.300965  -0.060753 
       30.0000  -0.449775   0.315834  -0.133940 
       60.0000  -0.511155   0.356674  -0.154481 
       90.0000  -0.539686   0.302344  -0.237341 
      120.0000  -0.464537   0.272324  -0.192213 
      150.0000  -0.546204   0.369392  -0.176812 
      180.0000  -0.553753   0.364345  -0.189408 
      210.0000  -0.517476   0.332329  -0.185147 
      240.0000  -0.576494   0.324256  -0.252237 
      270.0000  -0.565245   0.355004  -0.210241 
      300.0000  -0.563105   0.324532  -0.238573 
      330.0000  -0.605280   0.311063  -0.294217 
      360.0000  -0.554824   0.300236  -0.254588 
      390.0000  -0.623667   0.337534  -0.286133 
      420.0000  -0.646637   0.330041  -0.316596 
      450.0000  -0.569713   0.293573  -0.276139 
      480.0000  -0.642666   0.332502  -0.310164 
      510.0000  -0.629086   0.319690  -0.309396 
      540.0000  -0.593745   0.312608  -0.281137 
      570.0000  -0.615428   0.325872  -0.289556 
      600.0000  -0.578326   0.286531  -0.291795 
      630.0000  -0.656609   0.306614  -0.349995 
      660.0000  -0.673785   0.348105  -0.325679 
      690.0000  -0.694640   0.330318  -0.364322 
      720.0000  -0.647145   0.294438  -0.352707 
      750.0000  -0.707076   0.342529  -0.364547 
      780.0000  -0.742540   0.344180  -0.398359 
      810.0000  -0.694273   0.297885  -0.396387 
      840.0000  -0.691241   0.261784  -0.429457 
      870.0000  -0.730680   0.279227  -0.451453 
      900.0000  -0.820850   0.312957  -0.507893 
      930.0000  -0.818380   0.294395  -0.523986 
      960.0000  -0.818820   0.234313  -0.584507 
      990.0000  -0.889027   0.291005  -0.598023 
     1020.0000  -0.815107   0.218892  -0.596215 
     1050.0000  -0.885212   0.253100  -0.632112 
     1080.0000  -0.851670   0.271699  -0.579971 
     1110.0000  -0.835043   0.229314  -0.605730 
     1140.0000  -0.864023   0.258207  -0.605816 
     1170.0000  -0.846322   0.220661  -0.625661 
     1200.0000  -0.838996   0.321684  -0.517312 
     1230.0000  -0.764044   0.294565  -0.469479 
     1260.0000  -0.779984   0.333384  -0.446600 
     1290.0000  -0.764519   0.286474  -0.478046 
     1320.0000  -0.872485   0.270344  -0.602141 
     1350.0000  -0.904939   0.274474  -0.630464 
     1380.0000  -0.924050   0.261348  -0.662701 
     1410.0000  -0.975901   0.278857  -0.697044 
     1440.0000  -0.959559   0.287527  -0.672032 
     1470.0000  -0.981261   0.295089  -0.686172 
     1500.0000  -0.971467   0.304550  -0.666917 
     1530.0000  -0.940688   0.267388  -0.673300 
     1560.0000  -0.959790   0.310946  -0.648845 
     1590.0000  -0.950102   0.336936  -0.613166 
     1620.0000  -0.985237   0.351341  -0.633896 
     1650.0000  -0.933273   0.323978  -0.609295 
     1680.0000  -0.945432   0.339385  -0.606047 
     1710.0000  -0.901712   0.325321  -0.576391 
     1740.0000  -0.861036   0.264883  -0.596153 
     1770.0000  -0.897389   0.286242  -0.611147 
     1800.0000  -0.910974   0.289694  -0.621280 
     1830.0000  -0.915374   0.296539  -0.618835 
     1860.0000  -0.907399   0.288002  -0.619397 
     1890.0000  -0.941605   0.294052  -0.647553 
     1920.0000  -0.917852   0.269466  -0.648386 
     1950.0000  -0.951355   0.288875  -0.662480 
     1980.0000  -0.925158   0.290932  -0.634226 
     2010.0000  -0.935225   0.317994  -0.617231 
     2040.0000  -0.975657   0.331424  -0.644233 
     2070.0000  -0.967083   0.319800  -0.647283 
     2100.0000  -0.941141   0.363020  -0.578121 
     2130.0000  -0.910330   0.345066  -0.565264 
     2160.0000  -0.890678   0.331056  -0.559623 
     2190.0000  -0.860268   0.262724  -0.597545 
     2220.0000  -0.873797   0.282357  -0.591440 
     2250.0000  -0.936712   0.321986  -0.614726 
     2280.0000  -0.880015   0.294641  -0.585374 
     2310.0000  -0.871340   0.279699  -0.591642 
     2340.0000  -0.907714   0.354170  -0.553543 
     2370.0000  -0.895076   0.314721  -0.580354 
     2400.0000  -0.952110   0.329396  -0.622714 
     2430.0000  -0.908681   0.290267  -0.618414 
     2460.0000  -0.944710   0.326172  -0.618538 
     2490.0000  -0.914879   0.348678  -0.566201 
     2520.0000  -0.878007   0.309598  -0.568409 
     2550.0000  -0.948318   0.358328  -0.589990 
     2580.0000  -0.997537   0.316365  -0.681172 
     2610.0000  -0.961914   0.288970  -0.672943 
     2640.0000  -0.946959   0.285878  -0.661081 
     2670.0000  -0.932391   0.263232  -0.669160 
     2700.0000  -0.962951   0.274498  -0.688453 
     2730.0000  -0.930096   0.268775  -0.661321 
     2760.0000  -0.894810   0.268476  -0.626333 
     2790.0000  -0.910044   0.349714  -0.560331 
     2820.0000  -0.847192   0.290610  -0.556582 
     2850.0000  -0.862599   0.293717  -0.568882 
     2880.0000  -0.788033   0.245665  -0.542368 
     2910.0000  -0.856863   0.317559  -0.539304 
     2940.0000  -0.803931   0.264559  -0.539372 
     2970.0000  -0.851849   0.278532  -0.573316 
     3000.0000  -0.839430   0.294778  -0.544652 
     3030.0000  -0.865370   0.315687  -0.549683 
     3060.0000  -0.847620   0.337604  -0.510016 
     3090.0000  -0.861364   0.298429  -0.562935 
     3120.0000  -0.866790   0.304607  -0.562182 
     3150.0000  -0.864788   0.271209  -0.593578 
     3180.0000  -0.825256   0.280556  -0.544700 
     3210.0000  -0.846358   0.292019  -0.554339 
     3240.0000  -0.775475   0.281139  -0.494336 
     3270.0000  -0.767860   0.286094  -0.481766 
     3300.0000  -0.814650   0.312918  -0.501733 
     3330.0000  -0.802593   0.287020  -0.515573 
     3360.0000  -0.763430   0.263548  -0.499882 
     3390.0000  -0.819809   0.297501  -0.522308 
     3420.0000  -0.816651   0.289890  -0.526761 
     3450.0000  -0.825875   0.316308  -0.509567 
     3480.0000  -0.856178   0.325392  -0.530785 
     3510.0000  -0.889952   0.317056  -0.572895 
     3540.0000  -0.849969   0.270051  -0.579917 
     3570.0000  -0.880974   0.321101  -0.559873 
     3600.0000  -0.859137   0.298743  -0.560394 
     3630.0000  -0.928245   0.362268  -0.565977 
     3660.0000  -0.883526   0.345950  -0.537576 
     3690.0000  -0.901079   0.312862  -0.588216 
     3720.0000  -0.902344   0.269712  -0.632632 
     3750.0000  -0.935439   0.324750  -0.610688 
     3780.0000  -0.859774   0.255145  -0.604629 
     3810.0000  -0.845097   0.273893  -0.571204 
     3840.0000  -0.889832   0.250122  -0.639710 
     3870.0000  -0.878890   0.241504  -0.637387 
     3900.0000  -0.908047   0.297279  -0.610769 
     3930.0000  -0.824828   0.271451  -0.553376 
     3960.0000  -0.858914   0.314906  -0.544008 
     3990.0000  -0.930558   0.323910  -0.606648 
     4020.0000  -0.982272   0.361433  -0.620839 
     4050.0000  -0.978814   0.312029  -0.666785 
     4080.0000  -0.918951   0.254501  -0.664450 
     4110.0000  -0.942333   0.305459  -0.636873 
     4140.0000  -0.890419   0.299000  -0.591419 
     4170.0000  -0.944856   0.346939  -0.597917 
     4200.0000  -0.892525   0.336804  -0.555721 
     4230.0000  -0.883572   0.314146  -0.569426 
     4260.0000  -0.813531   0.233357  -0.580175 
     4290.0000  -0.840269   0.313837  -0.526432 
     4320.0000  -0.862455   0.321393  -0.541062 
     4350.0000  -0.882772   0.293260  -0.589512 
     4380.0000  -0.858231   0.301027  -0.557203 
     4410.0000  -0.844947   0.345841  -0.499106 
     4440.0000  -0.849751   0.315004  -0.534747 
     4470.0000  -0.799854   0.291562  -0.508292 
     4500.0000  -0.831743   0.283229  -0.548515 
     4530.0000  -0.819164   0.242650  -0.576515 
     4560.0000  -0.831084   0.304048  -0.527036 
     4590.0000  -0.812034   0.279919  -0.532115 
     4620.0000  -0.851964   0.307405  -0.544559 
     4650.0000  -0.799039   0.242238  -0.556800 
     4680.0000  -0.932172   0.349717  -0.582455 
     4710.0000  -0.906084   0.281747  -0.624337 
     4740.0000  -0.896254   0.279216  -0.617038 
     4770.0000  -0.885184   0.245622  -0.639561 
     4800.0000  -0.960758   0.290882  -0.669876 
     4830.0000  -0.920916   0.309234  -0.611682 
     4860.0000  -0.898363   0.336039  -0.562324 
     4890.0000  -0.933876   0.288860  -0.645016 
     4920.0000  -0.945200   0.280842  -0.664358 
     4950.0000  -1.002941   0.302399  -0.700542 
     4980.0000  -0.987429   0.296283  -0.691146 
     5010.0000  -1.008413   0.298831  -0.709582 
     5040.0000  -0.980116   0.262456  -0.717660 
     5070.0000  -0.978471   0.274987  -0.703484 
     5100.0000  -0.997128   0.261056  -0.736072 
     5130.0000  -0.974354   0.300844  -0.673510 
     5160.0000  -1.009406   0.316740  -0.692666 
     5190.0000  -0.960805   0.290648  -0.670157 
     5220.0000  -0.987344   0.296604  -0.690740 
     5250.0000  -0.929626   0.285838  -0.643788 
     5280.0000  -0.881897   0.264155  -0.617742 
     5310.0000  -0.949163   0.275544  -0.673619 
     5340.0000  -0.952478   0.273819  -0.678658 
     5370.0000  -0.952768   0.282590  -0.670178 
     5400.0000  -0.906028   0.296300  -0.609728 
     5430.0000  -0.954477   0.307280  -0.647197 
     5460.0000  -0.878207   0.276930  -0.601277 
     5490.0000  -1.024065   0.366792  -0.657273 
     5520.0000  -0.970977   0.331985  -0.638992 
     5550.0000  -0.964067   0.306149  -0.657919 
     5580.0000  -0.927324   0.248888  -0.678436 
     5610.0000  -0.975066   0.261279  -0.713787 
     5640.0000  -0.973649   0.269155  -0.704495 
     5670.0000  -0.970803   0.290258  -0.680545 
     5700.0000  -0.899624   0.248183  -0.651441 
     5730.0000  -0.890240   0.283768  -0.606472 
     5760.0000  -0.883948   0.306964  -0.576985 
     5790.0000  -0.846182   0.313257  -0.532925 
     5820.0000  -0.901400   0.316772  -0.584628 
     5850.0000  -0.809383   0.243476  -0.565907 
     5880.0000  -0.794603   0.283621  -0.510981 
     5910.0000  -0.754366   0.297407  -0.456959 
     5940.0000  -0.737853   0.298830  -0.439023 
     5970.0000  -0.772368   0.326482  -0.445886 
     6000.0000  -0.802448   0.338350  -0.464098 
     6030.0000  -0.745253   0.297099  -0.448154 
     6060.0000  -0.790263   0.301807  -0.488456 
     6090.0000  -0.766685   0.318703  -0.447981 
     6120.0000  -0.745686   0.286031  -0.459655 
     6150.0000  -0.811481   0.304340  -0.507141 
     6180.0000  -0.777258   0.273299  -0.503959 
     6210.0000  -0.805375   0.277374  -0.528001 
     6240.0000  -0.784988   0.319056  -0.465932 
     6270.0000  -0.809399   0.352870  -0.456529 
     6300.0000  -0.795484   0.273060  -0.522424 
     6330.0000  -0.762121   0.267901  -0.494220 
     6360.0000  -0.790634   0.306251  -0.484383 
     6390.0000  -0.839975   0.346797  -0.493178 
     6420.0000  -0.856162   0.343541  -0.512621 
     6450.0000  -0.808445   0.298293  -0.510152 
     6480.0000  -0.819678   0.296402  -0.523276 
     6510.0000  -0.828871   0.313804  -0.515067 
     6540.0000  -0.858305   0.278829  -0.579476 
     6570.0000  -0.862407   0.264383  -0.598024 
     6600.0000  -0.951784   0.327906  -0.623878 
     6630.0000  -0.898074   0.305306  -0.592768 
     6660.0000  -0.871051   0.293873  -0.577178 
     6690.0000  -0.868674   0.293321  -0.575353 
     6720.0000  -0.883554   0.323240  -0.560314 
     6750.0000  -0.890472   0.289270  -0.601202 
     6780.0000  -0.974305   0.341439  -0.632867 
     6810.0000  -0.915393   0.279370  -0.636023 
     6840.0000  -0.907971   0.286467  -0.621505 
     6870.0000  -0.832583   0.269777  -0.562806 
     6900.0000  -0.862661   0.281514  -0.581147 
     6930.0000  -0.798779   0.267856  -0.530923 
     6960.0000  -0.922260   0.361481  -0.560778 
     6990.0000  -0.897528   0.311179  -0.586349 
     7020.0000  -0.882615   0.325490  -0.557125 
     7050.0000  -0.847866   0.305982  -0.541884 
     7080.0000  -0.883309   0.267379  -0.615930 
     7110.0000  -0.939255   0.277002  -0.662253 
     7140.0000  -0.918447   0.325010  -0.593437 
     7170.0000  -0.910768   0.317101  -0.593666 
     7200.0000  -0.949212   0.354769  -0.594443 
     7230.0000  -0.938391   0.275340  -0.663052 
     7260.0000  -0.922898   0.255497  -0.667401 
     7290.0000  -0.995482   0.285269  -0.710213 
     7320.0000  -0.953603   0.348622  -0.604981 
     7350.0000  -0.973948   0.317177  -0.656771 
     7380.0000  -0.981271   0.275395  -0.705877 
     7410.0000  -0.992187   0.291581  -0.700606 
     7440.0000  -0.974975   0.305446  -0.669530 
     7470.0000  -0.932367   0.260817  -0.671550 
     7500.0000  -0.927494   0.266811  -0.660682 
     7530.0000  -0.968357   0.273415  -0.694942 
     7560.0000  -1.021141   0.337555  -0.683586 
     7590.0000  -0.987690   0.261866  -0.725824 
     7620.0000  -0.987880   0.284877  -0.703002 
     7650.0000  -0.982746   0.312780  -0.669966 
     7680.0000  -0.994733   0.302461  -0.692272 
     7710.0000  -0.991731   0.278161  -0.713570 
     7740.0000  -0.928279   0.242978  -0.685301 
     7770.0000  -0.979407   0.301418  -0.677990 
     7800.0000  -0.951439   0.331503  -0.619935 
     7830.0000  -0.933532   0.337484  -0.596048 
     7860.0000  -0.876821   0.318144  -0.558677 
     7890.0000  -0.914897   0.347397  -0.567500 
     7920.0000  -0.842109   0.304009  -0.538101 
     7950.0000  -0.872691   0.293144  -0.579547 
     7980.0000  -0.861377   0.300519  -0.560857 
     8010.0000  -0.808719   0.262960  -0.545760 
     8040.0000  -0.864809   0.293116  -0.571693 
     8070.0000  -0.867737   0.336276  -0.531461 
     8100.0000  -0.832184   0.331206  -0.500978 
     8130.0000  -0.842346   0.314098  -0.528248 
     8160.0000  -0.856749   0.291506  -0.565243 
     8190.0000  -0.853470   0.272642  -0.580828 
     8220.0000  -0.833407   0.285650  -0.547757 
     8250.0000  -0.791762   0.250940  -0.540822 
     8280.0000  -0.783383   0.237751  -0.545632 
     8310.0000  -0.867111   0.299180  -0.567931 
     8340.0000  -0.877268   0.320656  -0.556612 
     8370.0000  -0.840483   0.355623  -0.484860 
     8400.0000  -0.787336   0.272806  -0.514531 
     8430.0000  -0.764150   0.259264  -0.504886 
     8460.0000  -0.792176   0.297665  -0.494511 
     8490.0000  -0.867768   0.342309  -0.525459 
     8520.0000  -0.836401   0.279914  -0.556487 
     8550.0000  -0.855363   0.302193  -0.553170 
     8580.0000  -0.866642   0.307338  -0.559303 
     8610.0000  -0.880728   0.273312  -0.607415 
     8640.0000  -0.861805   0.278713  -0.583091 
     8670.0000  -0.886200   0.254539  -0.631661 
     8700.0000  -0.914067   0.271670  -0.642397 
     8730.0000  -0.864880   0.247158  -0.617721 
     8760.0000  -0.886862   0.298238  -0.588625 
     8790.0000  -0.874872   0.292905  -0.581968 
     8820.0000  -0.814691   0.278185  -0.536506 
     8850.0000  -0.827703   0.305284  -0.522420 
     8880.0000  -0.820287   0.313931  -0.506356 
     8910.0000  -0.813646   0.302814  -0.510833 
     8940.0000  -0.884425   0.330825  -0.553600 
     8970.0000  -0.836680   0.282147  -0.554533 
     9000.0000  -0.890739   0.355654  -0.535085 
     9030.0000  -0.829705   0.287536  -0.542169 
     9060.0000  -0.846641   0.274419  -0.572222 
     9090.0000  -0.875306   0.310752  -0.564554 
     9120.0000  -0.878134   0.268044  -0.610090 
     9150.0000  -0.824695   0.259450  -0.565245 
     9180.0000  -0.848366   0.323405  -0.524961 
     9210.0000  -0.845223   0.291021  -0.554201 
     9240.0000  -0.903370   0.323231  -0.580139 
     9270.0000  -0.902815   0.309922  -0.592893 
     9300.0000  -0.954569   0.347033  -0.607535 
     9330.0000  -0.913792   0.349590  -0.564202 
     9360.0000  -0.869099   0.333533  -0.535566 
     9390.0000  -0.730240   0.276269  -0.453971 
     9420.0000  -0.727342   0.283145  -0.444198 
     9450.0000  -0.757417   0.325727  -0.431690 
     9480.0000  -0.783807   0.332873  -0.450934 
     9510.0000  -0.735102   0.282926  -0.452176 
     9540.0000  -0.741386   0.293486  -0.447900 
     9570.0000  -0.739614   0.253009  -0.486605 
     9600.0000  -0.741486   0.293717  -0.447769 
     9630.0000  -0.762214   0.305360  -0.456855 
     9660.0000  -0.743252   0.298400  -0.444853 
     9690.0000  -0.703379   0.320554  -0.382825 
     9720.0000  -0.747852   0.316336  -0.431516 
     9750.0000  -0.760720   0.324108  -0.436612 
     9780.0000  -0.742632   0.324349  -0.418283 
     9810.0000  -0.743227   0.277508  -0.465719 
     9840.0000  -0.767341   0.284817  -0.482524 
     9870.0000  -0.748671   0.311545  -0.437127 
     9900.0000  -0.735648   0.279378  -0.456271 
     9930.0000  -0.783131   0.294565  -0.488566 
     9960.0000  -0.758646   0.304652  -0.453994 
     9990.0000  -0.743898   0.255494  -0.488405 
    10020.0000  -0.745207   0.277795  -0.467412 
    10050.0000  -0.719531   0.267413  -0.452119 
    10080.0000  -0.691214   0.265278  -0.425936 
    10110.0000  -0.697436   0.292544  -0.404891 
    10140.0000  -0.725243   0.315857  -0.409386 
    10170.0000  -0.684612   0.258533  -0.426079 
    10200.0000  -0.695362   0.298251  -0.397111 
    10230.0000  -0.734568   0.300759  -0.433809 
    10260.0000  -0.722947   0.299337  -0.423610 
    10290.0000  -0.783340   0.333769  -0.449571 
    10320.0000  -0.744157   0.285822  -0.458336 
    10350.0000  -0.775480   0.309382  -0.466099 
    10380.0000  -0.792392   0.287359  -0.505033 
    10410.0000  -0.786387   0.314284  -0.472103 
    10440.0000  -0.771100   0.273379  -0.497721 
    10470.0000  -0.827537   0.301725  -0.525812 
    10500.0000  -0.831256   0.318608  -0.512648 
    10530.0000  -0.783185   0.297981  -0.485205 
    10560.0000  -0.786340   0.328148  -0.458191 
    10590.0000  -0.776295   0.345162  -0.431133 
    10620.0000  -0.760263   0.319753  -0.440510 
    10650.0000  -0.721659   0.227168  -0.494491 
    10680.0000  -0.742086   0.239369  -0.502718 
    10710.0000  -0.786175   0.328512  -0.457663 
    10740.0000  -0.808476   0.311958  -0.496518 
    10770.0000  -0.912351   0.362227  -0.550124 
    10800.0000  -0.936818   0.328561  -0.608257 
    10830.0000  -0.906536   0.291676  -0.614859 
    10860.0000  -0.852216   0.274178  -0.578038 
    10890.0000  -0.882500   0.312713  -0.569787 
    10920.0000  -0.845230   0.324615  -0.520615 
    10950.0000  -0.814446   0.276559  -0.537887 
    10980.0000  -0.801078   0.264997  -0.536081 
    11010.0000  -0.832308   0.268461  -0.563847 
    11040.0000  -0.850217   0.295488  -0.554728 
    11070.0000  -0.829708   0.271743  -0.557965 
    11100.0000  -0.833797   0.292454  -0.541343 
    11130.0000  -0.851545   0.307045  -0.544500 
    11160.0000  -0.830582   0.312868  -0.517714 
    11190.0000  -0.837650   0.298864  -0.538785 
    11220.0000  -0.856867   0.332923  -0.523944 
    11250.0000  -0.864886   0.310231  -0.554655 
    11280.0000  -0.823656   0.322439  -0.501217 
    11310.0000  -0.842890   0.282642  -0.560248 
    11340.0000  -0.829750   0.286473  -0.543277 
    11370.0000  -0.848221   0.280103  -0.568119 
    11400.0000  -0.773119   0.240654  -0.532464 
    11430.0000  -0.802945   0.286821  -0.516124 
    11460.0000  -0.797130   0.229232  -0.567898 
    11490.0000  -0.769747   0.246627  -0.523120 
    11520.0000  -0.750895   0.245850  -0.505045 
    11550.0000  -0.717370   0.230133  -0.487237 
    11580.0000  -0.762938   0.276674  -0.486264 
    11610.0000  -0.811162   0.262362  -0.548799 
    11640.0000  -0.792460   0.327644  -0.464816 
    11670.0000  -0.798459   0.320724  -0.477736 
    11700.0000  -0.796770   0.305948  -0.490822 
    11730.0000  -0.821477   0.311506  -0.509970 
    11760.0000  -0.756459   0.280619  -0.475839 
    11790.0000  -0.821685   0.306386  -0.515299 
    11820.0000  -0.758026   0.255816  -0.502210 
    11850.0000  -0.715485   0.256808  -0.458678 
    11880.0000  -0.727835   0.269610  -0.458224 
    11910.0000  -0.744744   0.327659  -0.417085 
    11940.0000  -0.694521   0.279210  -0.415311 
    11970.0000  -0.660910   0.278701  -0.382209 
    12000.0000  -0.650991   0.286091  -0.364901 
    12030.0000  -0.746221   0.401076  -0.345145 
    12060.0000  -0.681145   0.306319  -0.374826 
    12090.0000  -0.663841   0.314854  -0.348988 
    12120.0000  -0.685292   0.348694  -0.336598 
    12150.0000  -0.701185   0.320109  -0.381076 
    12180.0000  -0.697988   0.279537  -0.418451 
    12210.0000  -0.728209   0.318452  -0.409757 
    12240.0000  -0.646237   0.225545  -0.420692 
    12270.0000  -0.717807   0.298787  -0.419020 
    12300.0000  -0.734205   0.338321  -0.395884 
    12330.0000  -0.779661   0.345986  -0.433675 
    12360.0000  -0.794470   0.305918  -0.488552 
    12390.0000  -0.765770   0.287335  -0.478435 
    12420.0000  -0.791857   0.277095  -0.514762 
    12450.0000  -0.769837   0.323760  -0.446077 
    12480.0000  -0.768365   0.327963  -0.440402 
    12510.0000  -0.846458   0.348893  -0.497565 
    12540.0000  -0.772313   0.307892  -0.464421 
    12570.0000  -0.803804   0.339686  -0.464118 
    12600.0000  -0.747445   0.276094  -0.471351 
    12630.0000  -0.747487   0.310628  -0.436858 
    12660.0000  -0.678405   0.257975  -0.420430 
    12690.0000  -0.680965   0.291639  -0.389327 
    12720.0000  -0.684223   0.293601  -0.390622 
    12750.0000  -0.741724   0.326593  -0.415130 
    12780.0000  -0.700851   0.292409  -0.408441 
    12810.0000  -0.689097   0.298736  -0.390361 
    12840.0000  -0.727554   0.329632  -0.397922 
    12870.0000  -0.709242   0.281617  -0.427624 
    12900.0000  -0.768106   0.333392  -0.434714 
    12930.0000  -0.768709   0.326776  -0.441933 
    12960.0000  -0.708977   0.270761  -0.438216 
    12990.0000  -0.724857   0.291115  -0.433742 
    13020.0000  -0.689054   0.272790  -0.416264 
    13050.0000  -0.698309   0.329241  -0.369068 
    13080.0000  -0.729416   0.310484  -0.418932 
    13110.0000  -0.789906   0.339639  -0.450267 
    13140.0000  -0.837268   0.348554  -0.488715 
    13170.0000  -0.821220   0.328699  -0.492520 
    13200.0000  -0.807831   0.317649  -0.490182 
    13230.0000  -0.774157   0.306387  -0.467770 
    13260.0000  -0.829947   0.358029  -0.471918 
    13290.0000  -0.842458   0.314317  -0.528141 
    13320.0000  -0.839171   0.292209  -0.546962 
    13350.0000  -0.855416   0.286686  -0.568730 
    13380.0000  -0.781106   0.282550  -0.498556 
    13410.0000  -0.790790   0.274744  -0.516046 
    13440.0000  -0.810123   0.323062  -0.487061 
    13470.0000  -0.868350   0.329284  -0.539066 
    13500.0000  -0.859912   0.287034  -0.572878 
    13530.0000  -0.846735   0.272843  -0.573892 
    13560.0000  -0.883350   0.262270  -0.621079 
    13590.0000  -0.969991   0.333538  -0.636453 
    13620.0000  -0.927250   0.327362  -0.599887 
    13650.0000  -0.956327   0.289328  -0.666999 
    13680.0000  -0.902975   0.266211  -0.636764 
    13710.0000  -0.864470   0.243263  -0.621207 
    13740.0000  -0.888447   0.292991  -0.595456 
    13770.0000  -0.909932   0.314516  -0.595416 
    13800.0000  -0.911644   0.281346  -0.630299 
    13830.0000  -0.893255   0.230611  -0.662643 
    13860.0000  -0.913290   0.284343  -0.628948 
    13890.0000  -0.915358   0.273694  -0.641664 
    13920.0000  -0.886006   0.292567  -0.593438 
    13950.0000  -0.881006   0.305406  -0.575600 
    13980.0000  -0.934941   0.281312  -0.653629 
    14010.0000  -0.923766   0.290892  -0.632874 
    14040.0000  -0.980445   0.327053  -0.653392 
    14070.0000  -0.897075   0.293865  -0.603210 
    14100.0000  -0.929226   0.321176  -0.608049 
    14130.0000  -0.896912   0.268246  -0.628666 
    14160.0000  -0.948840   0.349283  -0.599557 
    14190.0000  -0.853545   0.234741  -0.618804 
    14220.0000  -0.908687   0.319514  -0.589174 
    14250.0000  -0.860818   0.283283  -0.577534 
    14280.0000  -0.934848   0.318016  -0.616832 
    14310.0000  -0.862606   0.292064  -0.570542 
    14340.0000  -0.899488   0.327833  -0.571655 
    14370.0000  -0.891433   0.257170  -0.634263 
    14400.0000  -0.944499   0.301786  -0.642713 
    14430.0000  -0.925578   0.278441  -0.647137 
    14460.0000  -0.914742   0.273908  -0.640834 
    14490.0000  -0.964863   0.359343  -0.605520 
    14520.0000  -0.894925   0.283248  -0.611677 
    14550.0000  -0.858347   0.271233  -0.587115 
    14580.0000  -0.905076   0.332126  -0.572949 
    14610.0000  -0.865298   0.311102  -0.554196 
    14640.0000  -0.842886   0.279781  -0.563105 
    14670.0000  -0.867420   0.281326  -0.586093 
    14700.0000  -0.853482   0.240399  -0.613084 
    14730.0000  -0.874698   0.270366  -0.604333 
    14760.0000  -0.865310   0.311549  -0.553762 
    14790.0000  -0.861478   0.335509  -0.525968 
    14820.0000  -0.866579   0.322058  -0.544520 
    14850.0000  -0.846148   0.311508  -0.534640 
    14880.0000  -0.875741   0.298378  -0.577364 
    14910.0000  -0.865897   0.274858  -0.591040 
    14940.0000  -0.850929   0.286182  -0.564748 
    14970.0000  -0.821725   0.248692  -0.573033 
    15000.0000  -0.871502   0.315961  -0.555541 
    15030.0000  -0.840711   0.311892  -0.528819 
    15060.0000  -0.874077   0.331556  -0.542521 
    15090.0000  -0.824798   0.286521  -0.538277 
    15120.0000  -0.799973   0.257625  -0.542348 
    15150.0000  -0.810357   0.260109  -0.550248 
    15180.0000  -0.813967   0.325372  -0.488595 
    15210.0000  -0.847564   0.335943  -0.511621 
    15240.0000  -0.890697   0.357552  -0.533145 
    15270.0000  -0.779600   0.292400  -0.487200 
    15300.0000  -0.787727   0.313814  -0.473913 
    15330.0000  -0.748185   0.270588  -0.477597 
    15360.0000  -0.780911   0.346474  -0.434437 
    15390.0000  -0.777937   0.300861  -0.477076 
    15420.0000  -0.744601   0.276781  -0.467820 
    15450.0000  -0.816835   0.312717  -0.504118 
    15480.0000  -0.765127   0.296832  -0.468295 
    15510.0000  -0.790304   0.343572  -0.446732 
    15540.0000  -0.786894   0.303320  -0.483574 
    15570.0000  -0.803703   0.298009  -0.505694 
    15600.0000  -0.775600   0.285570  -0.490030 
    15630.0000  -0.794727   0.266925  -0.527802 
    15660.0000  -0.851970   0.335735  -0.516235 
    15690.0000  -0.836028   0.278940  -0.557088 
    15720.0000  -0.811534   0.256083  -0.555451 
    15750.0000  -0.869871   0.296021  -0.573851 
    15780.0000  -0.852207   0.269726  -0.582481 
    15810.0000  -0.868129   0.287623  -0.580506 
    15840.0000  -0.874737   0.312473  -0.562265 
    15870.0000  -0.912934   0.328389  -0.584545 
    15900.0000  -0.946824   0.320166  -0.626658 
    15930.0000  -0.932654   0.295368  -0.637286 
    15960.0000  -0.942681   0.300515  -0.642167 
    15990.0000  -0.959294   0.302816  -0.656478 
    16020.0000  -0.916896   0.292033  -0.624863 
    16050.0000  -0.939358   0.305073  -0.634285 
    16080.0000  -0.945561   0.286137  -0.659424 
    16110.0000  -0.857503   0.229251  -0.628253 
    16140.0000  -0.941352   0.304360  -0.636992 
    16170.0000  -0.930279   0.306325  -0.623954 
    16200.0000  -0.904872   0.262957  -0.641915 
    16230.0000  -0.858742   0.272670  -0.586072 
    16260.0000  -0.929543   0.312477  -0.617066 
    16290.0000  -0.907911   0.294422  -0.613489 
    16320.0000  -0.878070   0.264210  -0.613860 
    16350.0000  -0.915853   0.299126  -0.616726 
    16380.0000  -0.930498   0.250953  -0.679545 
    16410.0000  -0.954098   0.266022  -0.688076 
    16440.0000  -0.972511   0.282745  -0.689766 
    16470.0000  -0.968958   0.316321  -0.652637 
    16500.0000  -0.909547   0.234608  -0.674939 
    16530.0000  -0.945485   0.294779  -0.650707 
    16560.0000  -0.857097   0.245206  -0.611891 
    16590.0000  -0.894448   0.256772  -0.637675 
    16620.0000  -0.906280   0.305514  -0.600766 
    16650.0000  -0.835003   0.258064  -0.576939 
    16680.0000  -0.892607   0.285233  -0.607374 
    16710.0000  -0.848326   0.254371  -0.593955 
    16740.0000  -0.842774   0.269664  -0.573110 
    16770.0000  -0.893266   0.326624  -0.566642 
    16800.0000  -0.830942   0.267442  -0.563500 
    16830.0000  -0.832345   0.238282  -0.594063 
    16860.0000  -0.896917   0.264733  -0.632184 
    16890.0000  -0.940711   0.294523  -0.646188 
    16920.0000  -0.992815   0.298840  -0.693975 
    16950.0000  -0.995002   0.290111  -0.704891 
    16980.0000  -1.029660   0.339344  -0.690317 
    17010.0000  -0.957471   0.290899  -0.666572 
    17040.0000  -0.959600   0.271421  -0.688179 
    17070.0000  -0.951115   0.288593  -0.662522 
    17100.0000  -0.978399   0.304149  -0.674249 
    17130.0000  -0.988678   0.307143  -0.681535 
    17160.0000  -1.021362   0.345010  -0.676352 
    17190.0000  -0.941929   0.243230  -0.698698 
    17220.0000  -0.987947   0.266303  -0.721644 
    17250.0000  -0.938982   0.269082  -0.669900 
    17280.0000  -0.938990   0.285015  -0.653975 
    17310.0000  -0.935578   0.285171  -0.650407 
    17340.0000  -0.880196   0.256554  -0.623642 
    17370.0000  -0.935295   0.308582  -0.626713 
    17400.0000  -0.988416   0.302278  -0.686138 
    17430.0000  -0.998866   0.296855  -0.702011 
    17460.0000  -0.973099   0.270972  -0.702127 
    17490.0000  -0.946184   0.291171  -0.655013 
    17520.0000  -0.983983   0.289952  -0.694031 
    17550.0000  -1.022454   0.289600  -0.732854 
    17580.0000  -0.979944   0.314615  -0.665328 
    17610.0000  -0.896591   0.303227  -0.593365 
    17640.0000  -0.877673   0.285979  -0.591694 
    17670.0000  -0.941285   0.268866  -0.672419 
    17700.0000  -0.925525   0.256685  -0.668840 
    17730.0000  -0.920740   0.264124  -0.656616 
    17760.0000  -0.968285   0.334170  -0.634115 
    17790.0000  -0.917459   0.277411  -0.640047 
    17820.0000  -0.898221   0.286331  -0.611890 
    17850.0000  -0.946702   0.334608  -0.612094 
    17880.0000  -0.930894   0.308388  -0.622506 
    17910.0000  -0.917751   0.289261  -0.628489 
    17940.0000  -0.932270   0.324767  -0.607503 
    17970.0000  -0.888948   0.298277  -0.590672 
    18000.0000  -0.925120   0.309308  -0.615811 
    18030.0000  -0.930966   0.322437  -0.608529 
    18060.0000  -0.955480   0.267735  -0.687745 
    18090.0000  -0.952866   0.267907  -0.684960 
    18120.0000  -0.977809   0.295609  -0.682200 
    18150.0000  -1.025222   0.334619  -0.690604 
    18180.0000  -0.915635   0.243914  -0.671721 
    18210.0000  -0.939407   0.287385  -0.652022 
    18240.0000  -0.861587   0.264381  -0.597205 
    18270.0000  -0.882499   0.281370  -0.601130 
    18300.0000  -0.881551   0.253471  -0.628080 
    18330.0000  -0.869761   0.274092  -0.595669 
    18360.0000  -0.859149   0.308558  -0.550591 
    18390.0000  -0.856574   0.252696  -0.603878 
    18420.0000  -0.899973   0.294306  -0.605668 
    18450.0000  -0.876623   0.267949  -0.608673 
    18480.0000  -0.829053   0.267729  -0.561324 
    18510.0000  -0.859766   0.278134  -0.581633 
    18540.0000  -0.815322   0.306541  -0.508781 
    18570.0000  -0.832280   0.269712  -0.562568 
    18600.0000  -0.821394   0.288482  -0.532911 
    18630.0000  -0.837888   0.308187  -0.529700 
    18660.0000  -0.867697   0.311661  -0.556036 
    18690.0000  -0.864051   0.271122  -0.592930 
    18720.0000  -0.858887   0.244959  -0.613928 
    18750.0000  -0.843339   0.238136  -0.605203 
    18780.0000  -0.892022   0.327436  -0.564586 
    18810.0000  -0.875912   0.298345  -0.577567 
    18840.0000  -0.864346   0.285344  -0.579003 
    18870.0000  -0.898106   0.355300  -0.542806 
    18900.0000  -0.838433   0.253610  -0.584823 
    18930.0000  -0.888430   0.313441  -0.574989 
    18960.0000  -0.833819   0.232468  -0.601350 
    18990.0000  -0.885420   0.320667  -0.564753 
    19020.0000  -0.870439   0.352174  -0.518265 
    19050.0000  -0.861368   0.309341  -0.552027 
    19080.0000  -0.886681   0.291754  -0.594927 
    19110.0000  -0.910169   0.264677  -0.645492 
    19140.0000  -0.908165   0.283279  -0.624885 
    19170.0000  -0.860683   0.298462  -0.562221 
    19200.0000  -0.805071   0.304499  -0.500572 
    19230.0000  -0.833846   0.353190  -0.480657 
    19260.0000  -0.824342   0.321316  -0.503027 
    19290.0000  -0.833655   0.329131  -0.504523 
    19320.0000  -0.854846   0.333426  -0.521419 
    19350.0000  -0.894662   0.304830  -0.589832 
    19380.0000  -0.891443   0.265187  -0.626256 
    19410.0000  -0.887896   0.289916  -0.597981 
    19440.0000  -0.894467   0.269926  -0.624542 
    19470.0000  -0.868107   0.302761  -0.565346 
    19500.0000  -0.853751   0.307374  -0.546377 
    19530.0000  -0.866715   0.287530  -0.579185 
    19560.0000  -0.883377   0.268649  -0.614727 
    19590.0000  -0.897389   0.295468  -0.601921 
    19620.0000  -0.882874   0.284622  -0.598251 
    19650.0000  -0.828063   0.261506  -0.566556 
    19680.0000  -0.885437   0.312010  -0.573427 
    19710.0000  -0.894547   0.307378  -0.587169 
    19740.0000  -0.879178   0.319551  -0.559627 
    19770.0000  -0.872319   0.292435  -0.579884 
    19800.0000  -0.876579   0.287812  -0.588767 
    19830.0000  -0.905099   0.270599  -0.634500 
    19860.0000  -0.900903   0.258664  -0.642239 
    19890.0000  -0.896430   0.278605  -0.617825 
    19920.0000  -0.966676   0.292251  -0.674425 
    19950.0000  -0.952878   0.252917  -0.699960 
    19980.0000  -0.927909   0.262592  -0.665317 
    20010.0000  -0.943126   0.306917  -0.636209 
    20040.0000  -0.949443   0.319474  -0.629969 
    20070.0000  -0.964090   0.327814  -0.636275 
    20100.0000  -0.887103   0.262668  -0.624435 
    20130.0000  -0.946871   0.286350  -0.660521 
    20160.0000  -0.964346   0.299259  -0.665087 
    20190.0000  -0.958550   0.312285  -0.646264 
    20220.0000  -0.980979   0.342247  -0.638732 
    20250.0000  -0.967736   0.331478  -0.636259 
    20280.0000  -0.980588   0.337333  -0.643255 
    20310.0000  -0.922051   0.319758  -0.602293 
    20340.0000  -0.847025   0.240201  -0.606824 
    20370.0000  -0.894256   0.287710  -0.606546 
    20400.0000  -0.888383   0.343834  -0.544549 
    20430.0000  -0.890420   0.325023  -0.565397 
    20460.0000  -0.920013   0.355203  -0.564811 
    20490.0000  -0.873128   0.325748  -0.547380 
    20520.0000  -0.942526   0.364816  -0.577710 
    20550.0000  -0.872741   0.288584  -0.584157 
    20580.0000  -0.900351   0.316382  -0.583969 
    20610.0000  -0.950134   0.314180  -0.635954 
    20640.0000  -0.973124   0.285002  -0.688122 
    20670.0000  -0.983439   0.280460  -0.702978 
    20700.0000  -1.044882   0.316247  -0.728635 
    20730.0000  -0.985407   0.320547  -0.664860 
    20760.0000  -1.012956   0.283683  -0.729273 
    20790.0000  -1.038349   0.306659  -0.731690 
    20820.0000  -1.032276   0.302044  -0.730233 
    20850.0000  -1.051218   0.354501  -0.696717 
    20880.0000  -1.066956   0.290557  -0.776399 
    20910.0000  -1.049305   0.302696  -0.746610 
    20940.0000  -1.008848   0.260485  -0.748362 
    20970.0000  -1.058694   0.300054  -0.758640 
    21000.0000  -1.025726   0.285755  -0.739970 
    21030.0000  -1.037710   0.307858  -0.729852 
    21060.0000  -1.033988   0.318948  -0.715040 
    21090.0000  -1.084405   0.335765  -0.748640 
    21120.0000  -1.037359   0.296380  -0.740980 
    21150.0000  -0.967881   0.275969  -0.691912 
    21180.0000  -0.958463   0.316003  -0.642460 
    21210.0000  -0.959940   0.337881  -0.622058 
    21240.0000  -0.989798   0.347007  -0.642792 
    21270.0000  -0.896055   0.296082  -0.599973 
    21300.0000  -0.919465   0.286715  -0.632751 
    21330.0000  -0.894154   0.278581  -0.615573 
    21360.0000  -0.841397   0.263867  -0.577530 
    21390.0000  -0.942641   0.386240  -0.556401 
    21420.0000  -0.862259   0.260837  -0.601422 
    21450.0000  -0.899940   0.302930  -0.597010 
    21480.0000  -0.869588   0.246958  -0.622630 
    21510.0000  -0.889773   0.305544  -0.584229 
    21540.0000  -0.932791   0.328577  -0.604213 
    21570.0000  -0.833959   0.278104  -0.555855 
    21600.0000  -0.819454   0.280415  -0.539039 
    21630.0000  -0.824677   0.303052  -0.521625 
    21660.0000  -0.795476   0.327488  -0.467988 
    21690.0000  -0.808902   0.333648  -0.475254 
    21720.0000  -0.845732   0.330929  -0.514803 
    21750.0000  -0.818354   0.296098  -0.522256 
    21780.0000  -0.843741   0.367588  -0.476154 
    21810.0000  -0.779108   0.309852  -0.469256 
    21840.0000  -0.775411   0.315546  -0.459865 
    21870.0000  -0.782142   0.357546  -0.424596 
    21900.0000  -0.814988   0.335772  -0.479217 
    21930.0000  -0.759688   0.285416  -0.474272 
    21960.0000  -0.747464   0.295405  -0.452059 
    21990.0000  -0.810025   0.355328  -0.454697 
    22020.0000  -0.826419   0.383719  -0.442700 
    22050.0000  -0.756612   0.321197  -0.435415 
    22080.0000  -0.854825   0.320085  -0.534741 
    22110.0000  -0.827319   0.299147  -0.528172 
    22140.0000  -0.800491   0.307167  -0.493324 
    22170.0000  -0.807247   0.320567  -0.486680 
    22200.0000  -0.820014   0.280085  -0.539928 
    22230.0000  -0.859255   0.341123  -0.518132 
    22260.0000  -0.799943   0.283293  -0.516651 
    22290.0000  -0.886850   0.309665  -0.577186 
    22320.0000  -0.869516   0.306029  -0.563487 
    22350.0000  -0.897369   0.260862  -0.636507 
    22380.0000  -0.947915   0.295283  -0.652632 
    22410.0000  -0.959413   0.302246  -0.657167 
    22440.0000  -0.940254   0.295960  -0.644294 
    22470.0000  -0.880854   0.275703  -0.605151 
    22500.0000  -0.880982   0.265978  -0.615004 
    22530.0000  -0.903304   0.279435  -0.623869 
    22560.0000  -0.908023   0.292148  -0.615875 
    22590.0000  -0.911222   0.292531  -0.618691 
    22620.0000  -0.875120   0.312921  -0.562199 
    22650.0000  -0.860111   0.321162  -0.538949 
    22680.0000  -0.823439   0.263564  -0.559875 
    22710.0000  -0.844230   0.302302  -0.541928 
    22740.0000  -0.769804   0.235958  -0.533845 
    22770.0000  -0.761579   0.241682  -0.519897 
    22800.0000  -0.838527   0.290722  -0.547805 
    22830.0000  -0.844756   0.273167  -0.571589 
    22860.0000  -0.781988   0.222604  -0.559384 
    22890.0000  -0.868742   0.327823  -0.540920 
    22920.0000  -0.858579   0.372337  -0.486242 
    22950.0000  -0.846262   0.328982  -0.517280 
    22980.0000  -0.916486   0.304929  -0.611557 
    23010.0000  -0.908171   0.280016  -0.628156 
    23040.0000  -0.920578   0.305609  -0.614968 
    23070.0000  -0.903292   0.301936  -0.601355 
    23100.0000  -0.881486   0.287200  -0.594287 
    23130.0000  -0.889384   0.322336  -0.567048 
    23160.0000  -0.885754   0.300592  -0.585162 
    23190.0000  -0.776321   0.271916  -0.504405 
    23220.0000  -0.816737   0.341813  -0.474925 
    23250.0000  -0.858007   0.314651  -0.543356 
    23280.0000  -0.865588   0.301360  -0.564228 
    23310.0000  -0.843590   0.298589  -0.545001 
    23340.0000  -0.856602   0.268015  -0.588587 
    23370.0000  -0.820258   0.244564  -0.575693 
    23400.0000  -0.889693   0.354916  -0.534777 
    23430.0000  -0.798136   0.284954  -0.513183 
    23460.0000  -0.751663   0.278852  -0.472811 
    23490.0000  -0.817107   0.308692  -0.508415 
    23520.0000  -0.820968   0.319298  -0.501670 
    23550.0000  -0.757738   0.329063  -0.428675 
    23580.0000  -0.747815   0.354209  -0.393607 
    23610.0000  -0.707942   0.345000  -0.362942 
    23640.0000  -0.698191   0.346307  -0.351884 
    23670.0000  -0.740636   0.332106  -0.408530 
    23700.0000  -0.773755   0.311086  -0.462669 
    23730.0000  -0.827357   0.358707  -0.468650 
    23760.0000  -0.818666   0.313490  -0.505176 
    23790.0000  -0.807699   0.316507  -0.491191 
    23820.0000  -0.747837   0.277140  -0.470697 
    23850.0000  -0.873137   0.312177  -0.560960 
    23880.0000  -0.860287   0.287197  -0.573090 
    23910.0000  -0.867761   0.311884  -0.555877 
    23940.0000  -0.827959   0.280267  -0.547692 
    23970.0000  -0.820572   0.278161  -0.542411 
    24000.0000  -0.850803   0.316424  -0.534379 
    24030.0000  -0.862019   0.309635  -0.552384 
    24060.0000  -0.849183   0.291607  -0.557577 
    24090.0000  -0.847382   0.283441  -0.563941 
    24120.0000  -0.855497   0.317824  -0.537674 
    24150.0000  -0.907097   0.336367  -0.570730 
    24180.0000  -0.878244   0.289205  -0.589039 
    24210.0000  -0.889809   0.272247  -0.617561 
    24240.0000  -0.887171   0.260801  -0.626370 
    24270.0000  -0.927706   0.367451  -0.560255 
    24300.0000  -0.854281   0.302040  -0.552241 
    24330.0000  -0.875562   0.355341  -0.520221 
    24360.0000  -0.839860   0.326514  -0.513346 
    24390.0000  -0.878732   0.348870  -0.529861 
    24420.0000  -0.821295   0.258615  -0.562680 
    24450.0000  -0.843712   0.256526  -0.587185 
    24480.0000  -0.908770   0.298299  -0.610471 
    24510.0000  -0.851133   0.253243  -0.597890 
    24540.0000  -0.872733   0.266754  -0.605979 
    24570.0000  -0.804641   0.260295  -0.544346 
    24600.0000  -0.840622   0.278024  -0.562598 
    24630.0000  -0.878776   0.311495  -0.567280 
    24660.0000  -0.835971   0.258914  -0.577058 
    24690.0000  -0.823243   0.278573  -0.544670 
    24720.0000  -0.815490   0.256407  -0.559084 
    24750.0000  -0.879426   0.280539  -0.598888 
    24780.0000  -0.870663   0.361367  -0.509296 
    24810.0000  -0.813618   0.292072  -0.521546 
    24840.0000  -0.852723   0.289384  -0.563340 
    24870.0000  -0.881532   0.302516  -0.579016 
    24900.0000  -0.834086   0.286340  -0.547746 
    24930.0000  -0.798848   0.296710  -0.502138 
    24960.0000  -0.785363   0.275370  -0.509993 
    24990.0000  -0.812767   0.262718  -0.550048 
    25020.0000  -0.800889   0.271448  -0.529442 
    25050.0000  -0.778634   0.292857  -0.485777 
    25080.0000  -0.752524   0.315968  -0.436556 
    25110.0000  -0.715118   0.313305  -0.401813 
    25140.0000  -0.709418   0.292161  -0.417257 
    25170.0000  -0.721573   0.321895  -0.399678 
    25200.0000  -0.716434   0.347306  -0.369128 
    25230.0000  -0.705013   0.312327  -0.392687 
    25260.0000  -0.732294   0.291655  -0.440639 
    25290.0000  -0.750082   0.334606  -0.415476 
    25320.0000  -0.763112   0.301090  -0.462023 
    25350.0000  -0.806719   0.313408  -0.493311 
    25380.0000  -0.826574   0.291026  -0.535548 
    25410.0000  -0.827498   0.251194  -0.576305 
    25440.0000  -0.837113   0.270221  -0.566892 
    25470.0000  -0.914365   0.275917  -0.638448 
    25500.0000  -0.914641   0.284308  -0.630333 
    25530.0000  -0.882305   0.286827  -0.595478 
    25560.0000  -0.901282   0.342416  -0.558866 
    25590.0000  -0.879743   0.303772  -0.575971 
    25620.0000  -0.831434   0.266777  -0.564657 
    25650.0000  -0.821744   0.269986  -0.551758 
    25680.0000  -0.863666   0.276883  -0.586783 
    25710.0000  -0.853988   0.316373  -0.537615 
    25740.0000  -0.855656   0.310372  -0.545284 
    25770.0000  -0.894003   0.334116  -0.559887 
    25800.0000  -0.853864   0.276158  -0.577707 
    25830.0000  -0.820637   0.254940  -0.565697 
    25860.0000  -0.849241   0.287887  -0.561354 
    25890.0000  -0.906038   0.289347  -0.616691 
    25920.0000  -0.884724   0.291600  -0.593124 
    25950.0000  -0.858506   0.287062  -0.571444 
    25980.0000  -0.858002   0.312282  -0.545720 
    26010.0000  -0.825232   0.293577  -0.531655 
    26040.0000  -0.853530   0.306078  -0.547452 
    26070.0000  -0.857065   0.296476  -0.560589 
    26100.0000  -0.825329   0.314671  -0.510658 
    26130.0000  -0.855866   0.309352  -0.546514 
    26160.0000  -0.873126   0.293719  -0.579408 
    26190.0000  -0.823062   0.238244  -0.584817 
    26220.0000  -0.847485   0.288989  -0.558496 
    26250.0000  -0.892502   0.318687  -0.573816 
    26280.0000  -0.824562   0.258046  -0.566517 
    26310.0000  -0.837270   0.299550  -0.537719 
    26340.0000  -0.906074   0.360291  -0.545783 
    26370.0000  -0.838857   0.290785  -0.548071 
    26400.0000  -0.783316   0.301097  -0.482219 
    26430.0000  -0.737619   0.262245  -0.475374 
    26460.0000  -0.742132   0.244852  -0.497280 
    26490.0000  -0.749077   0.257390  -0.491687 
    26520.0000  -0.803842   0.316176  -0.487667 
    26550.0000  -0.850327   0.310735  -0.539592 
    26580.0000  -0.807438   0.276261  -0.531178 
    26610.0000  -0.793160   0.242183  -0.550978 
    26640.0000  -0.913334   0.355384  -0.557950 
    26670.0000  -0.852454   0.307783  -0.544670 
    26700.0000  -0.858612   0.299532  -0.559080 
    26730.0000  -0.909092   0.340606  -0.568486 
    26760.0000  -0.876736   0.303884  -0.572852 
    26790.0000  -0.918206   0.344081  -0.574125 
    26820.0000  -0.895321   0.349940  -0.545381 
    26850.0000  -0.900676   0.318682  -0.581993 
    26880.0000  -0.892794   0.315059  -0.577735 
    26910.0000  -0.956101   0.296500  -0.659601 
    26940.0000  -0.977481   0.297355  -0.680126 
    26970.0000  -0.928804   0.271931  -0.656873 
    27000.0000  -0.951135   0.289364  -0.661771 
    27030.0000  -0.921721   0.267114  -0.654607 
    27060.0000  -0.907501   0.302986  -0.604515 
    27090.0000  -0.872699   0.269438  -0.603261 
    27120.0000  -0.889734   0.317421  -0.572313 
    27150.0000  -0.850860   0.295782  -0.555079 
    27180.0000  -0.842001   0.353104  -0.488897 
    27210.0000  -0.827857   0.291366  -0.536492 
    27240.0000  -0.846965   0.291930  -0.555035 
    27270.0000  -0.859298   0.300218  -0.559080 
    27300.0000  -0.850907   0.306744  -0.544163 
    27330.0000  -0.797921   0.253746  -0.544175 
    27360.0000  -0.912017   0.316309  -0.595709 
    27390.0000  -0.856982   0.288978  -0.568004 
    27420.0000  -0.884328   0.327355  -0.556973 
    27450.0000  -0.913435   0.327074  -0.586362 
    27480.0000  -0.917072   0.312662  -0.604410 
    27510.0000  -0.903721   0.306219  -0.597502 
    27540.0000  -0.903109   0.291671  -0.611437 
    27570.0000  -0.927373   0.309682  -0.617692 
    27600.0000  -0.936694   0.277731  -0.658963 
    27630.0000  -0.916093   0.246349  -0.669744 
    27660.0000  -0.950680   0.296741  -0.653939 
    27690.0000  -0.910357   0.297852  -0.612505 
    27720.0000  -0.941684   0.290308  -0.651376 
    27750.0000  -0.904033   0.295605  -0.608428 
    27780.0000  -0.864206   0.256420  -0.607785 
    27810.0000  -0.934874   0.327131  -0.607743 
    27840.0000  -0.900750   0.339832  -0.560918 
    27870.0000  -0.880940   0.304401  -0.576538 
    27900.0000  -0.913384   0.348964  -0.564419 
    27930.0000  -0.830282   0.322869  -0.507413 
    27960.0000  -0.804082   0.302969  -0.501112 
    27990.0000  -0.842911   0.297796  -0.545116 
    28020.0000  -0.812617   0.329502  -0.483115 
    28050.0000  -0.773711   0.298599  -0.475112 
    28080.0000  -0.703266   0.286537  -0.416728 
    28110.0000  -0.759940   0.297879  -0.462061 
    28140.0000  -0.739286   0.291365  -0.447921 
    28170.0000  -0.706446   0.255101  -0.451345 
    28200.0000  -0.781854   0.306014  -0.475840 
    28230.0000  -0.825266   0.342807  -0.482459 
    28260.0000  -0.897920   0.341661  -0.556259 
    28290.0000  -0.895351   0.379382  -0.515969 
    28320.0000  -0.833289   0.322863  -0.510426 
    28350.0000  -0.824827   0.286673  -0.538154 
    28380.0000  -0.883641   0.346622  -0.537019 
    28410.0000  -0.839878   0.305061  -0.534816 
    28440.0000  -0.794701   0.268631  -0.526070 
    28470.0000  -0.797257   0.238068  -0.559189 
    28500.0000  -0.785957   0.277714  -0.508243 
    28530.0000  -0.781501   0.262983  -0.518517 
    28560.0000  -0.869741   0.314858  -0.554883 
    28590.0000  -0.849520   0.263430  -0.586090 
    28620.0000  -0.873776   0.281080  -0.592697 
    28650.0000  -0.941879   0.314254  -0.627625 
    28680.0000  -0.925513   0.300997  -0.624516 
    28710.0000  -0.890817   0.260775  -0.630042 
    28740.0000  -0.879329   0.237423  -0.641906 
    28770.0000  -0.880843   0.271927  -0.608916 
    28800.0000  -0.888490   0.256744  -0.631746 
    28830.0000  -0.836859   0.254010  -0.582848 
    28860.0000  -0.879811   0.304136  -0.575675 
    28890.0000  -0.829654   0.257170  -0.572485 
    28920.0000  -0.839651   0.272242  -0.567408 
    28950.0000  -0.801429   0.266209  -0.535220 
    28980.0000  -0.880390   0.292225  -0.588165 
    29010.0000  -0.875843   0.285536  -0.590307 
    29040.0000  -0.924471   0.301044  -0.623428 
    29070.0000  -0.938688   0.293604  -0.645085 
    29100.0000  -0.912874   0.274531  -0.638343 
    29130.0000  -0.912922   0.260176  -0.652746 
    29160.0000  -0.893637   0.324768  -0.568869 
    29190.0000  -0.874197   0.308269  -0.565927 
    29220.0000  -0.838455   0.297870  -0.540585 
    29250.0000  -0.844716   0.271621  -0.573095 
    29280.0000  -0.874656   0.313574  -0.561081 
    29310.0000  -0.855479   0.291374  -0.564106 
    29340.0000  -0.878652   0.298629  -0.580024 
    29370.0000  -0.892109   0.285711  -0.606399 
    29400.0000  -0.892326   0.312165  -0.580161 
    29430.0000  -0.900643   0.254998  -0.645645 
    29460.0000  -1.035094   0.332050  -0.703043 
    29490.0000  -0.977569   0.300778  -0.676791 
    29520.0000  -0.882380   0.257446  -0.624934 
    29550.0000  -0.888500   0.269006  -0.619494 
    29580.0000  -0.922762   0.272724  -0.650038 
    29610.0000  -0.989479   0.347296  -0.642183 
    29640.0000  -0.878330   0.326197  -0.552133 
    29670.0000  -0.860431   0.291020  -0.569411 
    29700.0000  -0.837293   0.320149  -0.517144 
    29730.0000  -0.817664   0.259941  -0.557723 
    29760.0000  -0.808907   0.279166  -0.529741 
    29790.0000  -0.801627   0.278111  -0.523516 
    29820.0000  -0.857850   0.329874  -0.527976 
    29850.0000  -0.840945   0.263341  -0.577603 
    29880.0000  -0.888988   0.294053  -0.594935 
    29910.0000  -0.937901   0.306474  -0.631427 
    29940.0000  -0.898347   0.251640  -0.646707 
    29970.0000  -0.921309   0.267578  -0.653731 
    30000.0000  -0.947069   0.274649  -0.672420 
    30030.0000  -0.945767   0.265663  -0.680104 
    30060.0000  -0.943454   0.269716  -0.673737 
    30090.0000  -0.970860   0.323457  -0.647403 
    30120.0000  -1.010210   0.330823  -0.679387 
    30150.0000  -0.963428   0.314351  -0.649078 
    30180.0000  -0.976633   0.315421  -0.661212 
    30210.0000  -0.939473   0.289599  -0.649874 
    30240.0000  -0.949222   0.260783  -0.688439 
    30270.0000  -0.950655   0.303701  -0.646954 
    30300.0000  -0.937176   0.334357  -0.602819 
    30330.0000  -0.891950   0.274217  -0.617734 
    30360.0000  -0.931574   0.293167  -0.638408 
    30390.0000  -0.968676   0.309167  -0.659509 
    30420.0000  -0.937095   0.287593  -0.649502 
    30450.0000  -0.882704   0.264642  -0.618062 
    30480.0000  -0.901736   0.274561  -0.627175 
    30510.0000  -0.889545   0.280431  -0.609114 
    30540.0000  -0.898707   0.329460  -0.569247 
    30570.0000  -0.864013   0.266651  -0.597363 
    30600.0000  -0.875685   0.295463  -0.580222 
    30630.0000  -0.893538   0.311066  -0.582472 
    30660.0000  -0.860126   0.287300  -0.572826 
    30690.0000  -0.906991   0.273398  -0.633593 
    30720.0000  -0.884344   0.310389  -0.573954 
    30750.0000  -0.918310   0.331112  -0.587198 
    30780.0000  -0.973430   0.332649  -0.640781 
    30810.0000  -0.981466   0.306373  -0.675093 
    30840.0000  -1.003370   0.301886  -0.701484 
    30870.0000  -1.015751   0.290876  -0.724875 
    30900.0000  -1.038737   0.313553  -0.725184 
    30930.0000  -0.998009   0.279043  -0.718966 
    30960.0000  -1.050147   0.372439  -0.677707 
    30990.0000  -0.981895   0.318439  -0.663456 
    31020.0000  -0.953167   0.321146  -0.632021 
    31050.0000  -0.911593   0.270734  -0.640859 
    31080.0000  -0.974953   0.279499  -0.695454 
    31110.0000  -0.945060   0.290603  -0.654457 
    31140.0000  -0.971034   0.319426  -0.651608 
    31170.0000  -0.956016   0.319284  -0.636733 
    31200.0000  -0.988779   0.308505  -0.680273 
    31230.0000  -0.924137   0.308344  -0.615793 
    31260.0000  -0.922641   0.267784  -0.654857 
    31290.0000  -0.896246   0.226407  -0.669839 
    31320.0000  -0.925048   0.263380  -0.661669 
    31350.0000  -0.893683   0.283408  -0.610275 
    31380.0000  -0.886356   0.290880  -0.595475 
    31410.0000  -0.870908   0.315469  -0.555439 
    31440.0000  -0.847927   0.344906  -0.503021 
    31470.0000  -0.844688   0.328969  -0.515719 
    31500.0000  -0.841343   0.310121  -0.531222 
    31530.0000  -0.849119   0.295914  -0.553205 
    31560.0000  -0.879824   0.300374  -0.579450 
    31590.0000  -0.828482   0.248570  -0.579911 
    31620.0000  -0.902676   0.289418  -0.613258 
    31650.0000  -0.877822   0.267740  -0.610082 
    31680.0000  -0.936948   0.295975  -0.640973 
    31710.0000  -0.888932   0.280481  -0.608451 
    31740.0000  -0.866151   0.291599  -0.574552 
    31770.0000  -0.889200   0.319155  -0.570045 
    31800.0000  -0.846202   0.276786  -0.569416 
    31830.0000  -1.011737   0.368592  -0.643145 
    31860.0000  -0.999976   0.316869  -0.683107 
    31890.0000  -1.015536   0.305718  -0.709817 
    31920.0000  -1.028056   0.301312  -0.726744 
    31950.0000  -1.046961   0.308542  -0.738419 
    31980.0000  -1.025076   0.289065  -0.736011 
    32010.0000  -1.098253   0.315438  -0.782815 
    32040.0000  -1.049529   0.296634  -0.752895 
    32070.0000  -0.992604   0.276658  -0.715946 
    32100.0000  -1.077014   0.348952  -0.728062 
    32130.0000  -1.040504   0.293824  -0.746680 
    32160.0000  -1.150205   0.338162  -0.812042 
    32190.0000  -1.110261   0.329613  -0.780648 
    32220.0000  -1.132902   0.306610  -0.826292 
    32250.0000  -1.129552   0.289781  -0.839771 
    32280.0000  -1.131485   0.355843  -0.775642 
    32310.0000  -1.099121   0.310616  -0.788505 
    32340.0000  -1.055980   0.312324  -0.743656 
    32370.0000  -0.983066   0.278374  -0.704692 
    32400.0000  -0.989666   0.305659  -0.684007 
    32430.0000  -1.031869   0.322416  -0.709453 
    32460.0000  -0.999979   0.275832  -0.724146 
    32490.0000  -1.039126   0.286011  -0.753114 
    32520.0000  -1.059816   0.307954  -0.751863 
    32550.0000  -1.058371   0.272268  -0.786103 
    32580.0000  -1.027053   0.242041  -0.785012 
    32610.0000  -1.075481   0.306251  -0.769229 
    32640.0000  -1.065413   0.304782  -0.760631 
    32670.0000  -1.093444   0.275759  -0.817684 
    32700.0000  -1.136438   0.310494  -0.825944 
    32730.0000  -1.096359   0.270275  -0.826083 
