t = 0
b =  30.0 30.0 30.0
E = 0. 0. 0.
12.297453203083395 9.193702397867835 16.812484873076997 0.039454398885949336 -0.1356670541072189 0.9899685857836182 0.8093323378599193 0.5853890069167013 0.04796746267289662 0.0 0.0 0.0 0.0 0.0 0.0
12.411220620493157 9.687622499075404 16.990768384589916 0.37558817445896675 -0.5785957382902474 0.7239892919366586 0.8093323378599193 0.5853890069167013 0.04796746267289662 0.0 0.0 0.0 0.0 0.0 0.0
12.610603374088742 10.049651683534169 17.33408527798015 0.5690297230556172 -0.801706227891938 0.18295436162750434 0.8093323378599193 0.5853890069167013 0.04796746267289662 0.0 0.0 0.0 0.0 0.0 0.0
12.939696470959397 10.228931908119245 17.719106623860043 0.5462873661938116 -0.720235117704146 -0.4275879894977446 0.8093323378599193 0.5853890069167013 0.04796746267289662 0.0 0.0 0.0 0.0 0.0 0.0
13.393315790142891 10.244034514961431 18.00665927407985 0.31600130547727967 -0.36513464461153694 -0.8756825145228502 0.8093323378599193 0.5853890069167013 0.04796746267289662 0.0 0.0 0.0 0.0 0.0 0.0
13.918967616852925 10.17590466807544 18.094600067560783 -0.034338934450154235 0.1286865846947018 -0.9910906116498337 0.8093323378599193 0.5853890069167013 0.04796746267289662 0.0 0.0 0.0 0.0 0.0 0.0
14.43679188237457 10.137108932219734 17.956621724931427 -0.37163323906360685 0.5736176289504631 -0.7299668152596672 0.8093323378599193 0.5853890069167013 0.04796746267289662 0.0 0.0 0.0 0.0 0.0 0.0
14.869902339358209 10.229069352932191 17.652247423795192 -0.5677378627803834 0.8006217455926203 -0.19151642135803465 0.8093323378599193 0.5853890069167013 0.04796746267289662 0.0 0.0 0.0 0.0 0.0 0.0
15.173596932657164 10.503531525744085 17.304216948384315 -0.5481493803560172 0.7234562754023828 0.4196942630013259 0.8093323378599193 0.5853890069167013 0.04796746267289662 0.0 0.0 0.0 0.0 0.0 0.0
15.352340857456419 10.942905579297536 17.051855793430295 -0.32030978376548636 0.37143767064288313 0.8714560799326014 0.8093323378599193 0.5853890069167013 0.04796746267289662 0.0 0.0 0.0 0.0 0.0 0.0
15.458070156967768 11.466948861561335 16.998143079317312 0.029220854971551746 -0.12169631530053016 0.9921371621288086 0.8093323378599193 0.5853890069167013 0.04796746267289662 0.0 0.0 0.0 0.0 0.0 0.0
15.57046035128932 11.963251464923198 17.170588062529234 0.36765000235825523 -0.5685958364073838 0.7358887487835122 0.8093323378599193 0.5853890069167013 0.04796746267289662 0.0 0.0 0.0 0.0 0.0 0.0
15.76665637521656 12.329942629485105 17.51077890918113 0.5664027670688119 -0.7994762928476432 0.20006389637159244 0.8093323378599193 0.5853890069167013 0.04796746267289662 0.0 0.0 0.0 0.0 0.0 0.0
16.09196392771902 12.514393147936834 17.89657432730595 0.5499696508206617 -0.7266223391042734 -0.41176857516186727 0.8093323378599193 0.5853890069167013 0.04796746267289662 0.0 0.0 0.0 0.0 0.0 0.0
16.54263707943087 12.53321008132654 18.188507085766304 0.32459386922352895 -0.3777124102575312 -0.8671632805878866 0.8093323378599193 0.5853890069167013 0.04796746267289662 0.0 0.0 0.0 0.0 0.0 0.0
17.067301413845588 12.465927458913304 18.282769947131317 -0.024100550211710647 0.11469677826078123 -0.9931081575216723 0.8093323378599193 0.5853890069167013 0.04796746267289662 0.0 0.0 0.0 0.0 0.0 0.0
17.586472027081218 12.424789970713553 18.150653772741073 -0.36363876768180975 0.5635307430899531 -0.7417546415300283 0.8093323378599193 0.5853890069167013 0.04796746267289662 0.0 0.0 0.0 0.0 0.0 0.0
18.022751171781874 12.512109333132676 17.84945460447472 -0.5650245375936113 0.7982699568876668 -0.2085961357448628 0.8093323378599193 0.5853890069167013 0.04796746267289662 0.0 0.0 0.0 0.0 0.0 0.0
18.330232955359538 12.781394357341943 17.500705940501835 -0.5517480389671028 0.7297330677018078 0.40381152955118316 0.8093323378599193 0.5853890069167013 0.04796746267289662 0.0 0.0 0.0 0.0 0.0 0.0
18.511943756093878 13.21702205729492 17.24400612739609 -0.32885323560171476 0.38395838560976425 0.8628044434019957 0.8093323378599193 0.5853890069167013 0.04796746267289662 0.0 0.0 0.0 0.0 0.0 0.0
18.618692451425424 13.74017308332891 17.18398261431201 0.01897841010166096 -0.107688506617302 0.9940035238833661 0.8093323378599193 0.5853890069167013 0.04796746267289662 0.0 0.0 0.0 0.0 0.0 0.0
18.7297672759368 14.238776510891064 17.35054223577351 0.35959984050531973 -0.5584227347246389 0.7475640467887721 0.8093323378599193 0.5853890069167013 0.04796746267289662 0.0 0.0 0.0 0.0 0.0 0.0
18.92281289540619 14.61008745850194 17.687509105222645 0.5636032793122906 -0.7970028295798463 0.21711248971478336 0.8093323378599193 0.5853890069167013 0.04796746267289662 0.0 0.0 0.0 0.0 0.0 0.0
19.244331900128618 14.79972158603236 18.073966773533723 0.5534844093641963 -0.7327882243009609 -0.3958237321291038 0.8093323378599193 0.5853890069167013 0.04796746267289662 0.0 0.0 0.0 0.0 0.0 0.0
19.692017693381025 14.822316614776163 18.370196409651356 0.3330875585328015 -0.39017512104437857 -0.8583799003172565 0.8093323378599193 0.5853890069167013 0.04796746267289662 0.0 0.0 0.0 0.0 0.0 0.0
20.215630806081602 14.75597121240102 18.47075832048271 -0.013854824712205227 0.10067203407710995 -0.9948231930282749 0.8093323378599193 0.5853890069167013 0.04796746267289662 0.0 0.0 0.0 0.0 0.0 0.0
20.73608571105309 14.712574003361405 18.344550253161113 -0.35553352840872887 0.553272200306053 -0.7533165221510408 0.8093323378599193 0.5853890069167013 0.04796746267289662 0.0 0.0 0.0 0.0 0.0 0.0
21.175496737036926 14.795295209790291 18.046623660912047 -0.5621391004591725 0.7956750074208304 -0.2256123097280271 0.8093323378599193 0.5853890069167013 0.04796746267289662 0.0 0.0 0.0 0.0 0.0 0.0
21.486768137383365 15.059390559196704 17.69726873556158 -0.5551786297806157 0.7357875762397278 0.38780579119732866 0.8093323378599193 0.5853890069167013 0.04796746267289662 0.0 0.0 0.0 0.0 0.0 0.0
21.67148655160259 15.491208709758551 17.436314152516864 -0.33729651555670603 0.3963621431329002 0.8538899882797553 0.8093323378599193 0.5853890069167013 0.04796746267289662 0.0 0.0 0.0 0.0 0.0 0.0
21.779318214487613 16.013377623319098 17.370003819168208 0.00873018422420535 -0.09364789497175618 0.9955671025354202 0.8093323378599193 0.5853890069167013 0.04796746267289662 0.0 0.0 0.0 0.0 0.0 0.0
21.889139923141244 16.514199496274195 17.530633038168066 0.35144014105744453 -0.5480795320673343 0.7590116295435645 0.8093323378599193 0.5853890069167013 0.04796746267289662 0.0 0.0 0.0 0.0 0.0 0.0
22.079072423006995 16.8900866226492 17.864278982004713 0.5606321125371432 -0.7942865915294195 0.2340949484903913 0.8093323378599193 0.5853890069167013 0.04796746267289662 0.0 0.0 0.0 0.0 0.0 0.0
22.396801030565904 17.084916095492808 18.251286876715554 0.5568305711949145 -0.7387308951058476 -0.37975831735310317 0.8093323378599193 0.5853890069167013 0.04796746267289662 0.0 0.0 0.0 0.0 0.0 0.0
22.841459184349393 17.111351837552842 18.55172885103664 0.34147978614505314 -0.40251898070964465 -0.8493350492136771 0.8093323378599193 0.5853890069167013 0.04796746267289662 0.0 0.0 0.0 0.0 0.0 0.0
23.363957666129323 17.046033365294832 18.658564874165105 -0.003604878898877839 0.08661662421662686 -0.9962351957532127 0.8093323378599193 0.5853890069167013 0.04796746267289662 0.0 0.0 0.0 0.0 0.0 0.0
23.885634415650827 17.000459155252397 18.53830905307504 -0.3473199901787642 0.5428451254502716 -0.7646489352618652 0.8093323378599193 0.5853890069167013 0.04796746267289662 0.0 0.0 0.0 0.0 0.0 0.0
24.32813956248264 17.078626508636997 18.243751483132318 -0.5590824303091702 0.792837687638857 -0.24255976001609242 0.8093323378599193 0.5853890069167013 0.04796746267289662 0.0 0.0 0.0 0.0 0.0 0.0
24.643201851733927 17.337521237865552 17.893902408261777 -0.5584401078053611 0.741617956754191 0.3716819234427169 0.8093323378599193 0.5853890069167013 0.04796746267289662 0.0 0.0 0.0 0.0 0.0 0.0
24.83096770083964 17.765467803671264 17.628778239534988 -0.3456370517255939 0.4086451649075915 0.8447154299952668 0.8093323378599193 0.5853890069167013 0.04796746267289662 0.0 0.0 0.0 0.0 0.0 0.0
24.939945573129016 18.2865650476757 17.556206979654633 -0.001520700951936127 -0.07957875727021452 0.9968274218037669 0.8093323378599193 0.5853890069167013 0.04796746267289662 0.0 0.0 0.0 0.0 0.0 0.0
