t = 10916578
b = 30 30 30
E = -0.943205541393427 -1.08356966890246 0.140364127509037
6.42337737985286 -111.659830750756 35.4059071521141 -0.0547379733283085 -0.932328530680101 0.357445471585679 -0.845763978568856 -0.146989204316688 -0.512910778177662 -0.165183662884137 0.612729166706244 -0.522899472797375 -0.100276797399727 0.265231464718921 0.279766404225676
6.30565396614445 -111.970473584098 34.9765141454639 -0.505076508516142 -0.390361936251707 0.769750140805589 -0.690458431797237 -0.352370141203643 -0.631745548102627 -0.0269886503874593 0.0835141870517017 0.437738774295661 -0.165675135367385 0.051498812437324 -0.297058909731472
6.05435544865846 -112.337422886865 34.7137467363028 -0.551319387661422 0.153702329297606 0.820013735712141 -0.773073011475324 -0.463681882073368 -0.432847815247858 -0.228819885153801 -0.0717472300359383 -0.0706878248449207 -0.259754749240367 -0.0868968450707361 -0.0475122700756016
5.733607032454 -112.761897327198 34.7016457320864 -0.607540680008798 0.616597442096789 0.500701424537334 -0.789715000254174 -0.536461817742362 -0.297588535528061 0.0671528435316093 0.168783534039703 0.311311537762603 -0.328793071070243 -0.493815401643444 0.451308339686923
5.29510186099075 -113.077478515157 34.8222760345127 -0.435579345026188 0.884892346099847 0.165033845014604 -0.895789964301088 -0.408097870686082 -0.176114927813588 0.0359681728427326 -0.316795001958562 0.180399176588225 -0.0537188707311538 0.450428543635229 -0.845074996122606
4.96127851130301 -113.172336626246 35.0994814409089 -0.357324378498436 0.494815785332926 -0.792134222917054 -0.839679452552123 -0.541572166133416 0.0404722847389203 -0.169018424035339 0.074860403403699 0.576530572350227 -0.221435910106938 0.533822742628755 -0.397576137477076
4.49332607326932 -113.176719853703 35.2170832205876 0.110034540104786 -0.119912189293316 -0.986667860448499 -0.832846953934994 -0.552907117693039 -0.0256840519603857 0.118907005223616 -0.112074734487039 -0.369578763397747 -0.368364158134908 -0.169088799962093 0.233991054202558
4.09289491473904 -113.103427881412 34.9640057968458 0.353459249653719 -0.877314390148136 -0.324632129762651 -0.930405027147021 -0.365697810150193 -0.024730489508673 0.185710742411581 0.478240341100468 -0.0358160299554647 0.412725436233903 -0.24772791110862 -0.167508410098707
3.71836249601846 -113.209934937671 34.6152156310997 0.496548540568038 -0.859421795571144 0.121793777174163 -0.847151957263562 -0.510397104224206 -0.147744229345526 0.223351163365788 0.124556988805809 0.0424726900761979 -0.227189168498631 0.358432581381187 0.0165542117381699
3.41417826691227 -113.5803031942 34.3603453544274 0.230005006340975 -0.626750020037642 0.744501248783706 -0.892631677377645 -0.440626473134605 -0.0951682705256311 0.10148579265689 -0.106262062332641 0.37610763216388 0.0439357614822975 0.958460144679687 0.162259255183217
3.70537485733969 -112.812056052691 33.6644863855498 -0.357824482980913 0.799901771260927 0.481787085456804 0.913484016728784 0.192844602077024 0.358270722541727 0.0216283102904211 0.424672483674084 0.207199734928621 0.254698501805952 -0.311413932884864 -0.273150219735155
4.07490373199457 -112.461859837672 33.6935304999641 -0.464512229354702 0.141832545665 0.874134953980361 0.884056324636088 0.131895617391062 0.448383720694853 -0.291176803949659 0.124568676348824 0.664103345232159 -0.799982352853579 -0.339529938993866 -0.248758935887373
4.50721549853246 -112.432545660212 34.0444561554672 -0.624341079244086 0.0253299685855176 0.780741064284441 0.762605159679645 0.236264927241967 0.602172944082974 -0.304999458462472 -0.0697819804514603 0.222413849417865 -0.181256677394191 0.273031506269896 -0.0385990244234624
4.66753807855139 -112.095948385578 34.3772035514115 -0.243010178542796 -0.792492723399932 0.559375845458596 0.670541873535223 0.279457580812399 0.687224167475364 -0.0633240634868331 -0.471309423286469 0.367233936893041 -0.174239770163298 -0.0732704365407351 0.15136821756978
4.75782314740026 -112.056220351426 34.8685166892344 0.393750428799768 -0.915312519833534 0.0846379988890439 0.751787514889868 0.373645899612066 0.543327041623013 0.51749027400133 -0.573146082923226 0.475211008444963 -0.165162020243787 -0.127332305055104 -0.247030567649783
5.06245668938514 -111.974504745438 35.3281937468204 0.485091366221574 -0.711827369692616 -0.507925350985245 0.828973245029559 0.189429934758623 0.526231563897728 -0.238173350674702 0.0228695173843083 0.165572114641024 -0.0426854988456643 -0.0480970149158025 0.0113457729804333
5.3833123892292 -112.187112654219 35.6868661532028 0.589962387965545 -0.140380136211098 -0.795133824046717 0.805445015334948 0.033296645843944 0.591734451124465 0.338300922740895 0.401803343837442 0.1178612585711 0.0878332202940836 0.436673947432153 0.424243394482584
5.71136193523616 -112.537759239497 35.867073699742 0.507739010885441 0.485523823103796 -0.7116654509133 0.81896086601436 -0.0156136607345027 0.573636917863042 0.336599039718811 -0.21422582853993 -0.20676293183729 0.149045246025851 0.289343799871513 -0.48626120206185
6.25380619263272 -112.750228585772 35.8595834581402 0.108348217443365 0.966684144106397 -0.231910390690393 0.889697232700375 0.00978344740317298 0.456446183336387 0.0924951932186266 -0.25972098292435 0.0697013947120039 -0.310751835888546 -0.00992309269434459 -0.107883823309088
6.74562963499379 -112.738982128658 35.7155938847949 -0.0707999313397254 0.904770454318907 0.419973564303179 0.97914139583953 -0.0173475090092438 0.202438116184723 0.197393938979228 0.103146936040511 0.0227091865946132 0.218931310869702 -0.0153430932761893 -0.0933818424857072
7.25711582649385 -112.523188448229 35.7069291267696 -0.366020894261017 0.326136657214244 0.871586820566892 0.929989615698289 0.16228905513016 0.329820522827544 -0.186373389786917 -0.0660363801119156 -0.211810352259121 -0.43440232774249 0.442006079879771 -0.190154093669888
8.39724205876096 -112.645593221768 34.9229343271318 0.997437835621429 -0.0341238347254026 0.0628754958182748 -0.0145134201515584 -0.957150014832851 -0.289228646127817 -0.100364247756079 0.443562285846495 -0.149487875753694 -0.340141206565585 0.443232890840755 0.148649434770419
8.50582312878 -112.979542779614 34.588729743415 0.391314514283611 -0.375854033031073 0.840003986160205 0.0460783807256948 -0.903645389171586 -0.425795483135315 -0.310789868146045 -0.0740439079983117 0.0125556936882163 0.319194135041837 -0.00377107820643784 -0.10086761326833
8.78478069246211 -113.255787462873 34.3917813331401 -0.624384314267839 -0.404434523668273 0.6682641275431 -0.191619316217855 -0.750075497903382 -0.632984032260285 0.710146735753874 0.475315861776627 -0.030740984775772 0.0029900351578147 0.0547071857739403 -0.263614830006318
9.85473961051927 -113.300046707762 33.4203598980542 0.773587444018609 0.229440345758842 -0.590694162993497 0.252071785864586 0.743811919915726 0.619034443760709 -0.0907470490052043 0.214486007663845 -0.477444010286848 0.336278225990857 -0.194939420912176 0.0911264094353826
10.1242439929695 -112.937983451294 33.7425363665405 0.360675272513922 0.27889992198926 -0.890015832056532 0.461478746513932 0.775892034918726 0.430149876979709 0.546420642011457 0.0761941564626783 0.0292108627284141 0.366461760747432 0.246595493366572 -0.131087264626876
10.5797604576716 -112.849407779103 33.7984015657209 -0.348877029581119 0.771028764937945 -0.532728319003404 0.632604851265755 0.613148798770004 0.473138090541734 -0.262221875540495 -0.124548856893112 0.165660688574849 0.0444339277806238 -0.147600840800209 -0.346857834492832
10.9588290861328 -112.619709085061 33.747421360293 -0.728463036474084 0.539615422522067 0.422086247427796 0.666570201579319 0.416008127956235 0.618563985244167 -0.480592571127734 -0.250576542489381 -0.186110391611479 -0.0598610156250491 0.171375201128026 0.435184345530773
11.1715217455387 -112.212019688026 33.9569993215794 -0.677131025528294 -0.293660327005009 0.674727490628829 0.638587396032138 0.221116256854614 0.737098187885072 -0.418319397230968 -0.554109117668192 0.308519798393174 0.34804433308226 0.150555535427519 0.210342006873031
11.1647045528121 -111.518386817214 34.6047171812925 -0.601339379979528 0.485408363775854 0.634641371533667 0.031857144876781 -0.779102990918571 0.626085978010838 0.34456607330438 0.0257773474506731 0.336656363110884 -0.375336445415858 0.068816864518276 0.192500238880772
11.2282396793685 -111.774118344706 35.063292225339 -0.910938050889083 0.399868147527745 0.10147577067998 -0.232007330008149 -0.699948312206894 0.675459072824845 0.152982264864372 0.312623841336151 0.175146723287337 -0.142059121506151 -0.115146365125101 0.371810383069365
11.0767800131554 -111.814465713548 35.4976876940149 -0.889193846858617 -0.209465988924662 -0.406765660046467 -0.233830218763745 -0.556118310906117 0.797531098496126 -0.561438288888464 0.28104777861901 0.0458926339108929 -0.38558916516874 -0.250098334313957 -0.311403699496948
10.7322223763982 -111.850345970718 35.8931646287905 -0.34041317326598 -0.610889941985161 -0.71479532052748 -0.228380516697965 -0.683715279767642 0.69309144837073 0.300136410333582 0.0671880080932339 0.180400093323284 0.0140115905921699 0.244836586160962 -0.642073617702923
11.0650558633957 -112.598504511401 36.3384356485148 0.349118776113023 -0.848051700249761 -0.398653225083092 0.933252306261601 0.353065578768859 0.0662180484968497 -0.484381444585856 0.072231934149463 0.336162895240299 -0.372834133124291 0.129445645388458 -0.494981931074448
