t = 0
b =  30.0 30.0 30.0
E = 0. 0. 0.
1.183259940531345 1.2488591109612548 2.577903061263495 0.5205920248634545 -0.8109054161858982 0.2672383760782569 -0.1443729459364456 0.22488397481940772 0.963630453208623 0.0 0.0 0.0 0.0 0.0 0.0
0.6840153752210079 1.2510910740434342 2.906603061263495 0.8761676038346716 -0.4011408485079351 0.2672383760782569 -0.24298278125345144 0.11124620291623981 0.963630453208623 0.0 0.0 0.0 0.0 0.0 0.0
0.2626898942339505 0.9832572510820076 3.235303061263495 0.9540169459726651 0.13577671798966606 0.26723837607825685 -0.2645723145672288 -0.0376542164104254 0.963630453208623 0.0 0.0 0.0 0.0 0.0 0.0
0.05283458962648646 0.530255188416487 3.564003061263495 0.7294634885543889 0.6296559927588375 0.2672383760782569 -0.20229812937164504 -0.17461906110638953 0.963630453208623 0.0 0.0 0.0 0.0 0.0 0.0
0.1209690676623486 0.03567677142491571 3.892703061263495 0.2736858353352443 0.9239478956564087 0.2672383760782569 -0.07589979949998266 -0.2562334288979607 0.963630453208623 0.0 0.0 0.0 0.0 0.0 0.0
0.44549616804859987 -0.34370730674126126 4.221403061263495 -0.26884432595375746 0.9253682395422517 0.2672383760782569 0.07455713011820038 -0.2566273251185103 0.963630453208623 0.0 0.0 0.0 0.0 0.0 0.0
0.9235477980296922 -0.48764047430012747 4.550103061263496 -0.7261566332450546 0.6334668060326946 0.26723837607825685 0.20138105723071206 -0.17567589316005913 0.963630453208623 0.0 0.0 0.0 0.0 0.0 0.0
1.4035918995546754 -0.35049902089460305 4.878803061263495 -0.9532929465598763 0.14077005501968504 0.26723837607825685 0.26437153176017764 -0.03903899132561252 0.963630453208623 0.0 0.0 0.0 0.0 0.0 0.0
1.733464844058624 0.024246170049060545 5.207503061263495 -0.8782559525200382 -0.39654776788449664 0.26723837607825685 0.24356193160045872 0.10997242892651468 0.963630453208623 0.0 0.0 0.0 0.0 0.0 0.0
1.8086040214778776 0.5178089539660268 5.536203061263495 -0.5248307601466378 -0.8081684994819822 0.26723837607825685 0.14554845126624472 0.22412496064236445 0.963630453208623 0.0 0.0 0.0 0.0 0.0 0.0
1.6051919328635353 0.9737405714885002 5.864903061263496 -0.005045534199854873 -0.9636172440007985 0.26723837607825685 0.0013992504715130743 0.26723471284071953 0.963630453208623 0.0 0.0 0.0 0.0 0.0 0.0
1.1877058239503153 1.2475205315213835 6.193603061263495 0.5163390172869344 -0.8136201015082033 0.26723837607825707 -0.14319348254940414 0.22563682368868193 0.963630453208623 0.0 0.0 0.0 0.0 0.0 0.0
0.6884797886389242 1.2523664904953629 6.522303061263495 0.8740552345718531 -0.4057229316523766 0.26723837607825685 -0.24239696941075425 0.11251692703511632 0.963630453208623 0.0 0.0 0.0 0.0 0.0 0.0
0.26575771486745636 0.9867423839134158 6.851003061263495 0.9547147905289618 0.13077965857233645 0.26723837607825646 -0.26476584399062847 -0.036268409185874546 0.963630453208623 0.0 0.0 0.0 0.0 0.0 0.0
0.053533384488908764 0.5348453256728416 7.179703061263495 0.7327503452536985 0.6258279171478707 0.2672383760782565 -0.20320965540717112 -0.17355744178295154 0.963630453208623 0.0 0.0 0.0 0.0 0.0 0.0
0.11907733385103536 0.03991693857717021 7.508403061263494 0.27851984148130393 0.9225022212722774 0.2672383760782565 -0.07724038805042108 -0.25583250790852247 0.963630453208623 0.0 0.0 0.0 0.0 0.0 0.0
0.4416135443885966 -0.341161151245871 7.837103061263494 -0.263995446069269 0.9267632139903612 0.26723837607825646 0.07321241671503367 -0.25701418577130736 0.963630453208623 0.0 0.0 0.0 0.0 0.0 0.0
0.918904992496748 -0.48759540684862146 8.165803061263492 -0.7228298699848048 0.6372602524940706 0.2672383760782565 0.20045846412636825 -0.1767279089703756 0.963630453208623 0.0 0.0 0.0 0.0 0.0 0.0
1.3996605813857828 -0.3529693268972791 8.494503061263494 -0.9525428121394052 0.1457595327675359 0.2672383760782565 0.2641635010740368 -0.040422695967131966 0.963630453208623 0.0 0.0 0.0 0.0 0.0 0.0
1.7314911563388071 0.02004352432564216 8.823203061263492 -0.8803202233748186 -0.3919438157036873 0.2672383760782565 0.24413440457407667 0.10869563998709841 0.963630453208623 0.0 0.0 0.0 0.0 0.0 0.0
1.8092135806539322 0.5132061165907973 9.151903061263493 -0.5290551069294152 -0.8054094264304097 0.26723837607825646 0.1467199663117291 0.2233598019663093 0.963630453208623 0.0 0.0 0.0 0.0 0.0 0.0
1.6081915218211196 0.9701965426543255 9.48060306126349 -0.010090930073840933 -0.9635776167394619 0.26723837607825646 0.002798462581867648 0.26722372322853694 0.963630453208623 0.0 0.0 0.0 0.0 0.0 0.0
1.1921446376726832 1.246158691945647 9.809303061263492 0.5120718540154288 -0.8163124810244284 0.2672383760782565 -0.1420100934407049 0.22638348661045507 0.963630453208623 0.0 0.0 0.0 0.0 0.0 0.0
0.6929508188941784 1.2536185139570133 10.13800306126349 0.871918902643253 -0.41029389169769753 0.2672383760782565 -0.24180451213269474 0.11378456644560067 0.963630453208623 0.0 0.0 0.0 0.0 0.0 0.0
0.2688437414774886 0.9902114059736071 10.466703061263491 0.9553864610970054 0.12577901376460404 0.2672383760782565 -0.26495211472466956 -0.03488160764456495 0.963630453208623 0.0 0.0 0.0 0.0 0.0 0.0
0.0542562035650791 0.5394317411441051 10.79540306126349 0.7360171132321468 0.6219826841484203 0.2672383760782565 -0.20411561034734357 -0.17249106429457514 0.963630453208623 0.0 0.0 0.0 0.0 0.0 0.0
0.1172078273329894 0.044166952656076786 11.12410306126349 0.28334621186521614 0.921031256023751 0.26723837607825646 -0.07857885901660343 -0.255424573141647 0.963630453208623 0.0 0.0 0.0 0.0 0.0 0.0
0.43774430552872085 -0.33859470137549597 11.45280306126349 -0.2591393286162699 0.9281327807568082 0.26723837607825646 0.07186569615647968 -0.25739400025037174 0.963630453208623 0.0 0.0 0.0 0.0 0.0 0.0
0.9142624865777796 -0.48752603045304277 11.78150306126349 -0.7194832899785341 0.641036228143715 0.26723837607825646 0.1995303753519695 -0.17777507969579429 0.963630453208623 0.0 0.0 0.0 0.0 0.0 0.0
1.395716382673545 -0.3554190147978701 12.110203061263489 -0.9517665632765655 0.1507450144441664 0.26723837607825646 0.26394822821207287 -0.0418052924000222 0.963630453208623 0.0 0.0 0.0 0.0 0.0 0.0
1.7294954907728095 0.015851270368567094 12.438903061263488 -0.8823603598059845 -0.3873291181851812 0.26723837607825646 0.24470018447966957 0.10741587110180463 0.963630453208623 0.0 0.0 0.0 0.0 0.0 0.0
1.8097990311842822 0.5086001506803249 12.767603061263488 -0.5332649493991859 -0.8026282726725618 0.2672383760782564 0.14788745895522204 0.2225885197684538 0.963630453208623 0.0 0.0 0.0 0.0 0.0 0.0
1.6111725132542873 0.9666368566615308 13.096303061263487 -0.015136049299881604 -0.9635115725110145 0.2672383760782564 0.004197597970956902 0.267205407542995 0.963630453208623 0.0 0.0 0.0 0.0 0.0 0.0
1.1965762600061278 1.2447736295695662 13.425003061263487 0.5077906520353738 -0.8189824809216291 0.26723837607825646 -0.14082281105355807 0.22712394311458606 0.963630453208623 0.0 0.0 0.0 0.0 0.0 0.0
