        0.0000  -0.333716   0.307123  -0.026594 
        0.1000  -0.676149   0.658028  -0.018121 
        0.2000  -0.561684   0.543563  -0.018121 
        0.3000  -0.653931   0.635810  -0.018121 
        0.4000  -0.614366   0.597528  -0.016837 
        0.5000  -0.583910   0.567072  -0.016837 
        0.6000  -0.528171   0.491354  -0.036817 
        0.7000  -0.597142   0.560326  -0.036817 
        0.8000  -0.591140   0.554323  -0.036817 
        0.9000  -0.605525   0.568708  -0.036817 
        1.0000  -0.582803   0.545986  -0.036817 
        1.1000  -0.645759   0.608942  -0.036817 
        1.2000  -0.581090   0.544273  -0.036817 
        1.3000  -0.538562   0.501745  -0.036817 
        1.4000  -0.518077   0.481260  -0.036817 
        1.5000  -0.554547   0.517730  -0.036817 
        1.6000  -0.554274   0.517457  -0.036817 
        1.7000  -0.532850   0.496033  -0.036817 
        1.8000  -0.659417   0.622600  -0.036817 
        1.9000  -0.565973   0.529157  -0.036817 
        2.0000  -0.538363   0.501546  -0.036817 
        2.1000  -0.589285   0.552468  -0.036817 
        2.2000  -0.498388   0.461571  -0.036817 
        2.3000  -0.500770   0.463954  -0.036817 
        2.4000  -0.475859   0.439042  -0.036817 
        2.5000  -0.518588   0.481771  -0.036817 
        2.6000  -0.535270   0.498446  -0.036824 
        2.7000  -0.513801   0.464338  -0.049463 
        2.8000  -0.475151   0.425688  -0.049463 
        2.9000  -0.500732   0.451268  -0.049463 
        3.0000  -0.499177   0.442741  -0.056436 
        3.1000  -0.522848   0.466412  -0.056436 
        3.2000  -0.540757   0.484320  -0.056436 
        3.3000  -0.537343   0.480907  -0.056436 
        3.4000  -0.515746   0.459310  -0.056436 
        3.5000  -0.529409   0.472973  -0.056436 
        3.6000  -0.512212   0.455776  -0.056436 
        3.7000  -0.479714   0.423278  -0.056436 
        3.8000  -0.514515   0.458079  -0.056436 
        3.9000  -0.506204   0.449768  -0.056436 
        4.0000  -0.478574   0.422138  -0.056436 
        4.1000  -0.474660   0.418224  -0.056436 
        4.2000  -0.486089   0.429653  -0.056436 
        4.3000  -0.479213   0.422777  -0.056436 
        4.4000  -0.517939   0.461503  -0.056436 
        4.5000  -0.510203   0.453767  -0.056436 
        4.6000  -0.512852   0.456416  -0.056436 
        4.7000  -0.524265   0.467829  -0.056436 
        4.8000  -0.500643   0.444206  -0.056436 
        4.9000  -0.490405   0.433969  -0.056436 
        5.0000  -0.565193   0.507410  -0.057783 
        5.1000  -0.518583   0.460800  -0.057783 
        5.2000  -0.504666   0.446883  -0.057783 
        5.3000  -0.520982   0.463199  -0.057783 
        5.4000  -0.500415   0.442632  -0.057783 
        5.5000  -0.516235   0.458649  -0.057587 
        5.6000  -0.519541   0.461954  -0.057587 
        5.7000  -0.535299   0.477712  -0.057587 
        5.8000  -0.590100   0.532513  -0.057587 
        5.9000  -0.513455   0.455868  -0.057587 
        6.0000  -0.510026   0.452439  -0.057587 
        6.1000  -0.560196   0.507525  -0.052670 
        6.2000  -0.548169   0.495498  -0.052670 
        6.3000  -0.565872   0.513202  -0.052670 
        6.4000  -0.529739   0.477068  -0.052670 
        6.5000  -0.536330   0.483660  -0.052670 
        6.6000  -0.518420   0.465750  -0.052670 
        6.7000  -0.497939   0.445269  -0.052670 
        6.8000  -0.518487   0.465817  -0.052670 
        6.9000  -0.512421   0.473138  -0.039283 
        7.0000  -0.485372   0.446089  -0.039283 
        7.1000  -0.524537   0.485254  -0.039283 
        7.2000  -0.521705   0.482422  -0.039283 
        7.3000  -0.511654   0.472371  -0.039283 
        7.4000  -0.530339   0.491056  -0.039283 
        7.5000  -0.494817   0.455534  -0.039283 
        7.6000  -0.541996   0.502713  -0.039283 
        7.7000  -0.421015   0.381732  -0.039283 
        7.8000  -0.435466   0.396183  -0.039283 
        7.9000  -0.455004   0.415721  -0.039283 
        8.0000  -0.422785   0.373346  -0.049439 
        8.1000  -0.409965   0.360526  -0.049439 
        8.2000  -0.442049   0.392610  -0.049439 
        8.3000  -0.421801   0.372362  -0.049439 
        8.4000  -0.409801   0.360362  -0.049439 
        8.5000  -0.415315   0.365876  -0.049439 
        8.6000  -0.436801   0.380776  -0.056025 
        8.7000  -0.430671   0.374646  -0.056025 
        8.8000  -0.436654   0.380629  -0.056025 
        8.9000  -0.448651   0.392626  -0.056025 
        9.0000  -0.416962   0.360937  -0.056025 
        9.1000  -0.422226   0.366201  -0.056025 
        9.2000  -0.428012   0.371987  -0.056025 
        9.3000  -0.424462   0.368437  -0.056025 
        9.4000  -0.440193   0.384168  -0.056025 
        9.5000  -0.403150   0.347125  -0.056025 
        9.6000  -0.435376   0.379352  -0.056025 
        9.7000  -0.466525   0.408002  -0.058523 
        9.8000  -0.419462   0.355451  -0.064011 
        9.9000  -0.466203   0.402192  -0.064011 
       10.0000  -0.458470   0.394460  -0.064011 
       10.1000  -0.392385   0.328375  -0.064011 
       10.2000  -0.438004   0.373993  -0.064011 
       10.3000  -0.455346   0.391335  -0.064011 
       10.4000  -0.389986   0.325976  -0.064011 
       10.5000  -0.452603   0.388592  -0.064011 
       10.6000  -0.462281   0.398270  -0.064011 
       10.7000  -0.462527   0.398517  -0.064011 
       10.8000  -0.497149   0.433138  -0.064011 
       10.9000  -0.495294   0.431283  -0.064011 
       11.0000  -0.469280   0.405269  -0.064011 
       11.1000  -0.459360   0.395350  -0.064011 
       11.2000  -0.440033   0.369068  -0.070964 
       11.3000  -0.464791   0.393827  -0.070964 
       11.4000  -0.442403   0.371439  -0.070964 
       11.5000  -0.438353   0.367388  -0.070964 
       11.6000  -0.430964   0.360000  -0.070964 
       11.7000  -0.456034   0.385070  -0.070964 
       11.8000  -0.434903   0.363939  -0.070964 
       11.9000  -0.437154   0.366190  -0.070964 
       12.0000  -0.495588   0.424623  -0.070964 
       12.1000  -0.441530   0.370566  -0.070964 
       12.2000  -0.395930   0.326189  -0.069741 
       12.3000  -0.449360   0.379619  -0.069741 
       12.4000  -0.456274   0.386533  -0.069741 
       12.5000  -0.454196   0.384455  -0.069741 
       12.6000  -0.442820   0.373079  -0.069741 
       12.7000  -0.447150   0.377409  -0.069741 
       12.8000  -0.464537   0.394797  -0.069741 
       12.9000  -0.437817   0.368077  -0.069741 
       13.0000  -0.450252   0.380511  -0.069741 
       13.1000  -0.454083   0.383264  -0.070819 
       13.2000  -0.427978   0.357159  -0.070819 
       13.3000  -0.412958   0.342139  -0.070819 
       13.4000  -0.391046   0.307935  -0.083111 
       13.5000  -0.431739   0.348628  -0.083111 
       13.6000  -0.431803   0.348692  -0.083111 
       13.7000  -0.439579   0.356468  -0.083111 
       13.8000  -0.423515   0.340403  -0.083111 
       13.9000  -0.410636   0.327525  -0.083111 
       14.0000  -0.428897   0.345786  -0.083111 
       14.1000  -0.419088   0.335977  -0.083111 
       14.2000  -0.475753   0.391439  -0.084314 
       14.3000  -0.418211   0.333897  -0.084314 
       14.4000  -0.418171   0.333858  -0.084314 
       14.5000  -0.426728   0.342415  -0.084314 
       14.6000  -0.400895   0.316581  -0.084314 
       14.7000  -0.467177   0.380439  -0.086738 
       14.8000  -0.465631   0.378893  -0.086738 
       14.9000  -0.452695   0.365957  -0.086738 
       15.0000  -0.471990   0.381125  -0.090865 
       15.1000  -0.424724   0.333859  -0.090865 
       15.2000  -0.444565   0.353700  -0.090865 
       15.3000  -0.427508   0.336643  -0.090865 
       15.4000  -0.408991   0.318126  -0.090865 
       15.5000  -0.418459   0.325501  -0.092958 
       15.6000  -0.459757   0.366799  -0.092958 
       15.7000  -0.456751   0.363793  -0.092958 
       15.8000  -0.472542   0.379584  -0.092958 
       15.9000  -0.481943   0.389842  -0.092101 
       16.0000  -0.480718   0.388617  -0.092101 
       16.1000  -0.449709   0.357609  -0.092101 
       16.2000  -0.420106   0.328005  -0.092101 
       16.3000  -0.439867   0.347766  -0.092101 
       16.4000  -0.455483   0.361820  -0.093663 
       16.5000  -0.428334   0.334671  -0.093663 
       16.6000  -0.437547   0.343885  -0.093663 
       16.7000  -0.446469   0.352807  -0.093663 
       16.8000  -0.446977   0.353314  -0.093663 
       16.9000  -0.420800   0.336373  -0.084427 
       17.0000  -0.426742   0.342315  -0.084427 
       17.1000  -0.421693   0.337266  -0.084427 
       17.2000  -0.444178   0.359751  -0.084427 
       17.3000  -0.450841   0.361777  -0.089063 
       17.4000  -0.459252   0.370188  -0.089063 
       17.5000  -0.463273   0.365210  -0.098063 
       17.6000  -0.413188   0.315126  -0.098063 
       17.7000  -0.432893   0.334830  -0.098063 
       17.8000  -0.443889   0.345827  -0.098063 
       17.9000  -0.419688   0.321625  -0.098063 
       18.0000  -0.427719   0.329656  -0.098063 
       18.1000  -0.482663   0.384600  -0.098063 
       18.2000  -0.481736   0.383674  -0.098063 
       18.3000  -0.486895   0.388832  -0.098063 
       18.4000  -0.474754   0.376691  -0.098063 
       18.5000  -0.449105   0.351042  -0.098063 
       18.6000  -0.420871   0.322809  -0.098063 
       18.7000  -0.464100   0.366037  -0.098063 
       18.8000  -0.396813   0.298750  -0.098063 
       18.9000  -0.433036   0.334973  -0.098063 
       19.0000  -0.456278   0.358215  -0.098063 
       19.1000  -0.469482   0.371420  -0.098063 
       19.2000  -0.452545   0.354482  -0.098063 
       19.3000  -0.430962   0.332900  -0.098063 
       19.4000  -0.434799   0.336737  -0.098063 
       19.5000  -0.463891   0.365829  -0.098063 
       19.6000  -0.485178   0.387115  -0.098063 
       19.7000  -0.462989   0.364926  -0.098063 
       19.8000  -0.434676   0.336613  -0.098063 
       19.9000  -0.443417   0.345354  -0.098063 
       20.0000  -0.437997   0.339934  -0.098063 
       20.1000  -0.450953   0.352890  -0.098063 
       20.2000  -0.449907   0.351845  -0.098063 
       20.3000  -0.429236   0.323896  -0.105340 
       20.4000  -0.419500   0.311075  -0.108426 
       20.5000  -0.422935   0.315109  -0.107826 
       20.6000  -0.412358   0.304532  -0.107826 
       20.7000  -0.425997   0.318171  -0.107826 
       20.8000  -0.427376   0.319550  -0.107826 
       20.9000  -0.419400   0.309519  -0.109881 
       21.0000  -0.428603   0.318722  -0.109881 
       21.1000  -0.425019   0.315139  -0.109881 
       21.2000  -0.423293   0.313413  -0.109881 
       21.3000  -0.412212   0.302332  -0.109881 
       21.4000  -0.430172   0.320292  -0.109881 
       21.5000  -0.454762   0.344882  -0.109881 
       21.6000  -0.455283   0.345402  -0.109881 
       21.7000  -0.482841   0.372960  -0.109881 
       21.8000  -0.458110   0.345191  -0.112920 
       21.9000  -0.422035   0.309115  -0.112920 
       22.0000  -0.449757   0.336837  -0.112920 
       22.1000  -0.421883   0.309319  -0.112565 
       22.2000  -0.445826   0.333262  -0.112565 
       22.3000  -0.438306   0.325742  -0.112565 
       22.4000  -0.397248   0.284683  -0.112565 
       22.5000  -0.416610   0.304046  -0.112565 
       22.6000  -0.427701   0.315137  -0.112565 
       22.7000  -0.439840   0.327275  -0.112565 
       22.8000  -0.438690   0.326125  -0.112565 
       22.9000  -0.422040   0.309475  -0.112565 
       23.0000  -0.442041   0.329476  -0.112565 
       23.1000  -0.439707   0.327142  -0.112565 
       23.2000  -0.448003   0.335439  -0.112565 
       23.3000  -0.459562   0.346997  -0.112565 
       23.4000  -0.488585   0.376020  -0.112565 
       23.5000  -0.424786   0.309765  -0.115022 
       23.6000  -0.445849   0.330827  -0.115022 
       23.7000  -0.448655   0.333634  -0.115022 
       23.8000  -0.455653   0.340631  -0.115022 
       23.9000  -0.453967   0.338945  -0.115022 
       24.0000  -0.435736   0.320714  -0.115022 
       24.1000  -0.438704   0.323682  -0.115022 
       24.2000  -0.452676   0.337654  -0.115022 
       24.3000  -0.441878   0.326856  -0.115022 
       24.4000  -0.445678   0.330656  -0.115022 
       24.5000  -0.442376   0.314283  -0.128093 
       24.6000  -0.456457   0.328364  -0.128093 
       24.7000  -0.439048   0.300398  -0.138649 
       24.8000  -0.465553   0.326904  -0.138649 
       24.9000  -0.439112   0.300463  -0.138649 
       25.0000  -0.444356   0.305707  -0.138649 
       25.1000  -0.422867   0.284218  -0.138649 
       25.2000  -0.423264   0.284614  -0.138649 
       25.3000  -0.440357   0.301707  -0.138649 
       25.4000  -0.458534   0.319885  -0.138649 
       25.5000  -0.441056   0.302407  -0.138649 
       25.6000  -0.423359   0.292405  -0.130954 
       25.7000  -0.431925   0.300970  -0.130954 
       25.8000  -0.463960   0.333006  -0.130954 
       25.9000  -0.463583   0.332629  -0.130954 
       26.0000  -0.431181   0.300227  -0.130954 
       26.1000  -0.463703   0.332748  -0.130954 
       26.2000  -0.480506   0.349551  -0.130954 
       26.3000  -0.461547   0.330592  -0.130954 
       26.4000  -0.431875   0.300920  -0.130954 
       26.5000  -0.477609   0.346654  -0.130954 
       26.6000  -0.476780   0.345826  -0.130954 
       26.7000  -0.460311   0.329356  -0.130954 
       26.8000  -0.514392   0.383438  -0.130954 
       26.9000  -0.489511   0.358557  -0.130954 
       27.0000  -0.492014   0.361059  -0.130954 
       27.1000  -0.496423   0.365469  -0.130954 
       27.2000  -0.454414   0.323460  -0.130954 
       27.3000  -0.485557   0.356631  -0.128926 
       27.4000  -0.460107   0.331181  -0.128926 
       27.5000  -0.480897   0.351349  -0.129547 
       27.6000  -0.478164   0.348616  -0.129547 
       27.7000  -0.474813   0.348014  -0.126799 
       27.8000  -0.476411   0.342972  -0.133439 
       27.9000  -0.477198   0.343759  -0.133439 
       28.0000  -0.480685   0.347246  -0.133439 
       28.1000  -0.492026   0.358587  -0.133439 
       28.2000  -0.486496   0.353057  -0.133439 
       28.3000  -0.480494   0.347055  -0.133439 
       28.4000  -0.476639   0.343200  -0.133439 
       28.5000  -0.472710   0.339271  -0.133439 
       28.6000  -0.483650   0.341376  -0.142274 
       28.7000  -0.488586   0.346312  -0.142274 
       28.8000  -0.505010   0.362736  -0.142274 
       28.9000  -0.510502   0.368229  -0.142274 
       29.0000  -0.494951   0.352678  -0.142274 
       29.1000  -0.507501   0.365227  -0.142274 
       29.2000  -0.487350   0.345077  -0.142274 
       29.3000  -0.465905   0.323631  -0.142274 
       29.4000  -0.440870   0.302276  -0.138593 
       29.5000  -0.487744   0.336197  -0.151547 
       29.6000  -0.477173   0.325626  -0.151547 
       29.7000  -0.466902   0.321047  -0.145855 
       29.8000  -0.474372   0.328517  -0.145855 
       29.9000  -0.488106   0.342251  -0.145855 
       30.0000  -0.465985   0.320131  -0.145855 
