        0.0000  -0.378907   0.487947   0.109040 
        0.1000  -0.667246   0.776286   0.109040 
        0.2000  -0.596126   0.705166   0.109040 
        0.3000  -0.653273   0.762313   0.109040 
        0.4000  -0.654607   0.763647   0.109040 
        0.5000  -0.631920   0.740959   0.109040 
        0.6000  -0.618190   0.717710   0.099520 
        0.7000  -0.591805   0.691325   0.099520 
        0.8000  -0.571606   0.671126   0.099520 
        0.9000  -0.525201   0.624721   0.099520 
        1.0000  -0.610081   0.709601   0.099520 
        1.1000  -0.518488   0.618008   0.099520 
        1.2000  -0.510329   0.609849   0.099520 
        1.3000  -0.514981   0.614502   0.099520 
        1.4000  -0.532050   0.631570   0.099520 
        1.5000  -0.507767   0.607287   0.099520 
        1.6000  -0.474359   0.573879   0.099520 
        1.7000  -0.566919   0.659933   0.093014 
        1.8000  -0.507249   0.600263   0.093014 
        1.9000  -0.481655   0.574670   0.093014 
        2.0000  -0.517414   0.604233   0.086820 
        2.1000  -0.540272   0.631230   0.090958 
        2.2000  -0.514633   0.605591   0.090958 
        2.3000  -0.507282   0.598240   0.090958 
        2.4000  -0.512982   0.603940   0.090958 
        2.5000  -0.484258   0.575216   0.090958 
        2.6000  -0.488449   0.579407   0.090958 
        2.7000  -0.535824   0.626782   0.090958 
        2.8000  -0.468336   0.559327   0.090991 
        2.9000  -0.481762   0.569997   0.088235 
        3.0000  -0.500827   0.589062   0.088235 
        3.1000  -0.520766   0.609001   0.088235 
        3.2000  -0.528239   0.609129   0.080890 
        3.3000  -0.436982   0.517871   0.080890 
        3.4000  -0.489740   0.570630   0.080890 
        3.5000  -0.437963   0.515118   0.077156 
        3.6000  -0.463494   0.540649   0.077156 
        3.7000  -0.522580   0.599736   0.077155 
        3.8000  -0.449110   0.526265   0.077156 
        3.9000  -0.473401   0.550557   0.077156 
        4.0000  -0.400555   0.477711   0.077155 
        4.1000  -0.476192   0.553347   0.077155 
        4.2000  -0.500957   0.578113   0.077155 
        4.3000  -0.427986   0.505141   0.077155 
        4.4000  -0.462879   0.540035   0.077155 
        4.5000  -0.460461   0.537617   0.077155 
        4.6000  -0.466301   0.543457   0.077155 
        4.7000  -0.498694   0.575849   0.077155 
        4.8000  -0.487963   0.565119   0.077155 
        4.9000  -0.501538   0.578693   0.077155 
        5.0000  -0.440526   0.517682   0.077155 
        5.1000  -0.487889   0.565045   0.077155 
        5.2000  -0.456622   0.548976   0.092355 
        5.3000  -0.484124   0.576479   0.092355 
        5.4000  -0.481066   0.573421   0.092355 
        5.5000  -0.514759   0.605345   0.090586 
        5.6000  -0.478050   0.568635   0.090586 
        5.7000  -0.467444   0.558030   0.090586 
        5.8000  -0.462879   0.553465   0.090586 
        5.9000  -0.487264   0.579802   0.092538 
        6.0000  -0.519832   0.612371   0.092538 
        6.1000  -0.461227   0.553766   0.092538 
        6.2000  -0.473782   0.567743   0.093961 
        6.3000  -0.414703   0.501651   0.086948 
        6.4000  -0.421297   0.508245   0.086948 
        6.5000  -0.482491   0.569439   0.086948 
        6.6000  -0.447435   0.534383   0.086948 
        6.7000  -0.467770   0.554718   0.086948 
        6.8000  -0.419435   0.506383   0.086948 
        6.9000  -0.447962   0.534910   0.086948 
        7.0000  -0.444647   0.531595   0.086948 
        7.1000  -0.411391   0.498339   0.086948 
        7.2000  -0.479835   0.566783   0.086948 
        7.3000  -0.443329   0.530277   0.086948 
        7.4000  -0.472779   0.559727   0.086948 
        7.5000  -0.457925   0.544873   0.086948 
        7.6000  -0.472549   0.559497   0.086948 
        7.7000  -0.480937   0.567885   0.086948 
        7.8000  -0.489503   0.576451   0.086948 
        7.9000  -0.492860   0.574370   0.081510 
        8.0000  -0.476849   0.558359   0.081510 
        8.1000  -0.447449   0.528959   0.081510 
        8.2000  -0.494807   0.576317   0.081510 
        8.3000  -0.446213   0.527723   0.081510 
        8.4000  -0.442096   0.515420   0.073324 
        8.5000  -0.459165   0.532489   0.073324 
        8.6000  -0.479006   0.552330   0.073324 
        8.7000  -0.445992   0.519316   0.073324 
        8.8000  -0.456572   0.529896   0.073324 
        8.9000  -0.448397   0.510745   0.062348 
        9.0000  -0.467907   0.530769   0.062862 
        9.1000  -0.488040   0.553899   0.065859 
        9.2000  -0.476856   0.542716   0.065859 
        9.3000  -0.472469   0.538328   0.065859 
        9.4000  -0.477063   0.542922   0.065859 
        9.5000  -0.472040   0.537899   0.065859 
        9.6000  -0.440263   0.499568   0.059306 
        9.7000  -0.429251   0.488557   0.059306 
        9.8000  -0.445801   0.512183   0.066382 
        9.9000  -0.450656   0.517038   0.066382 
       10.0000  -0.448125   0.514507   0.066382 
       10.1000  -0.399277   0.465659   0.066382 
       10.2000  -0.440499   0.506881   0.066382 
       10.3000  -0.423262   0.489644   0.066382 
       10.4000  -0.423307   0.489689   0.066382 
       10.5000  -0.397566   0.463948   0.066382 
       10.6000  -0.436988   0.503370   0.066382 
       10.7000  -0.431442   0.497383   0.065941 
       10.8000  -0.434922   0.500862   0.065941 
       10.9000  -0.434278   0.500219   0.065941 
       11.0000  -0.441713   0.507654   0.065941 
       11.1000  -0.447063   0.513497   0.066434 
       11.2000  -0.467123   0.528474   0.061351 
       11.3000  -0.473623   0.534975   0.061351 
       11.4000  -0.470003   0.531354   0.061351 
       11.5000  -0.468777   0.530128   0.061351 
       11.6000  -0.437736   0.499087   0.061351 
       11.7000  -0.461652   0.525053   0.063402 
       11.8000  -0.466941   0.532384   0.065443 
       11.9000  -0.470873   0.536317   0.065443 
       12.0000  -0.435067   0.500510   0.065443 
       12.1000  -0.440290   0.505733   0.065443 
       12.2000  -0.438358   0.503801   0.065443 
       12.3000  -0.458498   0.526404   0.067906 
       12.4000  -0.434134   0.498777   0.064644 
       12.5000  -0.456280   0.520924   0.064644 
       12.6000  -0.462317   0.531370   0.069053 
       12.7000  -0.482457   0.551510   0.069053 
       12.8000  -0.464785   0.533838   0.069053 
       12.9000  -0.461079   0.530132   0.069053 
       13.0000  -0.428068   0.497121   0.069053 
       13.1000  -0.426110   0.500943   0.074833 
       13.2000  -0.435245   0.510078   0.074833 
       13.3000  -0.468234   0.543067   0.074833 
       13.4000  -0.456981   0.531814   0.074833 
       13.5000  -0.472687   0.547520   0.074833 
       13.6000  -0.471494   0.546326   0.074833 
       13.7000  -0.449060   0.523893   0.074833 
       13.8000  -0.466614   0.541447   0.074833 
       13.9000  -0.437566   0.512399   0.074833 
       14.0000  -0.435277   0.510109   0.074832 
       14.1000  -0.465995   0.540828   0.074833 
       14.2000  -0.478723   0.553555   0.074833 
       14.3000  -0.482088   0.556896   0.074809 
       14.4000  -0.453559   0.528405   0.074845 
       14.5000  -0.445972   0.520818   0.074845 
       14.6000  -0.421092   0.495937   0.074845 
       14.7000  -0.470719   0.550090   0.079371 
       14.8000  -0.491801   0.571172   0.079371 
       14.9000  -0.462122   0.541493   0.079371 
       15.0000  -0.473297   0.550352   0.077056 
       15.1000  -0.475942   0.556081   0.080139 
       15.2000  -0.488403   0.581621   0.093218 
       15.3000  -0.478250   0.592004   0.113754 
       15.4000  -0.450421   0.564175   0.113754 
       15.5000  -0.435109   0.548863   0.113754 
       15.6000  -0.471569   0.585323   0.113754 
       15.7000  -0.432430   0.546184   0.113754 
       15.8000  -0.401028   0.514782   0.113754 
       15.9000  -0.441114   0.554868   0.113754 
       16.0000  -0.394884   0.508638   0.113754 
       16.1000  -0.429589   0.543343   0.113754 
       16.2000  -0.433362   0.547116   0.113754 
       16.3000  -0.410474   0.524228   0.113754 
       16.4000  -0.444531   0.558285   0.113754 
       16.5000  -0.431435   0.545189   0.113754 
       16.6000  -0.454832   0.568586   0.113754 
       16.7000  -0.453878   0.567632   0.113754 
       16.8000  -0.472241   0.585995   0.113754 
       16.9000  -0.444077   0.559581   0.115504 
       17.0000  -0.427684   0.543189   0.115504 
       17.1000  -0.432184   0.547689   0.115504 
       17.2000  -0.428972   0.544476   0.115504 
       17.3000  -0.376340   0.491845   0.115504 
       17.4000  -0.453711   0.569216   0.115504 
       17.5000  -0.432920   0.548424   0.115504 
       17.6000  -0.459062   0.574566   0.115504 
       17.7000  -0.441226   0.556731   0.115504 
       17.8000  -0.399577   0.501789   0.102212 
       17.9000  -0.382463   0.484676   0.102212 
       18.0000  -0.427262   0.529474   0.102212 
       18.1000  -0.420175   0.522388   0.102212 
       18.2000  -0.416334   0.518546   0.102212 
       18.3000  -0.420114   0.522326   0.102212 
       18.4000  -0.416445   0.518657   0.102212 
       18.5000  -0.421257   0.523469   0.102212 
       18.6000  -0.419592   0.521804   0.102212 
       18.7000  -0.443711   0.545924   0.102212 
       18.8000  -0.408495   0.520619   0.112124 
       18.9000  -0.425923   0.541464   0.115541 
       19.0000  -0.439650   0.555192   0.115541 
       19.1000  -0.402807   0.518348   0.115541 
       19.2000  -0.442825   0.558367   0.115541 
       19.3000  -0.456813   0.572183   0.115370 
       19.4000  -0.462021   0.577391   0.115370 
       19.5000  -0.424455   0.529286   0.104831 
       19.6000  -0.440512   0.545343   0.104831 
       19.7000  -0.437784   0.542615   0.104831 
       19.8000  -0.390446   0.500846   0.110400 
       19.9000  -0.414979   0.525379   0.110400 
       20.0000  -0.423133   0.533533   0.110400 
       20.1000  -0.431409   0.541809   0.110400 
       20.2000  -0.422846   0.533246   0.110400 
       20.3000  -0.413170   0.523899   0.110729 
       20.4000  -0.429584   0.539025   0.109441 
       20.5000  -0.374340   0.483781   0.109441 
       20.6000  -0.373839   0.480428   0.106588 
       20.7000  -0.384132   0.490720   0.106588 
       20.8000  -0.413499   0.520087   0.106588 
       20.9000  -0.400891   0.506881   0.105990 
       21.0000  -0.393573   0.499563   0.105990 
       21.1000  -0.396267   0.496696   0.100429 
       21.2000  -0.416062   0.516491   0.100429 
       21.3000  -0.407304   0.515418   0.108114 
       21.4000  -0.402951   0.511065   0.108114 
       21.5000  -0.406676   0.514790   0.108114 
       21.6000  -0.413152   0.521266   0.108114 
       21.7000  -0.424901   0.528353   0.103452 
       21.8000  -0.421253   0.524705   0.103452 
       21.9000  -0.378729   0.476594   0.097865 
       22.0000  -0.436026   0.533891   0.097865 
       22.1000  -0.415470   0.513335   0.097865 
       22.2000  -0.404357   0.502223   0.097865 
       22.3000  -0.397684   0.495549   0.097865 
       22.4000  -0.386833   0.484698   0.097865 
       22.5000  -0.372522   0.470387   0.097865 
       22.6000  -0.386550   0.484416   0.097865 
       22.7000  -0.382784   0.480650   0.097865 
       22.8000  -0.343917   0.439786   0.095869 
       22.9000  -0.351696   0.447565   0.095869 
       23.0000  -0.347615   0.443484   0.095869 
       23.1000  -0.357832   0.453701   0.095869 
       23.2000  -0.348929   0.444799   0.095869 
       23.3000  -0.362725   0.456710   0.093985 
       23.4000  -0.340961   0.434947   0.093985 
       23.5000  -0.302074   0.396059   0.093985 
       23.6000  -0.304145   0.398131   0.093985 
       23.7000  -0.358366   0.452352   0.093985 
       23.8000  -0.346691   0.440676   0.093985 
       23.9000  -0.342845   0.436830   0.093985 
       24.0000  -0.344165   0.438151   0.093985 
       24.1000  -0.359728   0.453714   0.093985 
       24.2000  -0.356030   0.446902   0.090872 
       24.3000  -0.370239   0.461111   0.090872 
       24.4000  -0.375412   0.468459   0.093047 
       24.5000  -0.355224   0.448271   0.093047 
       24.6000  -0.354744   0.447791   0.093047 
       24.7000  -0.336622   0.423568   0.086946 
       24.8000  -0.368922   0.455869   0.086946 
       24.9000  -0.392136   0.479082   0.086946 
       25.0000  -0.382810   0.469756   0.086946 
       25.1000  -0.358959   0.445906   0.086946 
       25.2000  -0.379302   0.466248   0.086946 
       25.3000  -0.363638   0.450584   0.086946 
       25.4000  -0.358254   0.445200   0.086946 
       25.5000  -0.372760   0.458056   0.085296 
       25.6000  -0.402241   0.487538   0.085296 
       25.7000  -0.382198   0.460476   0.078278 
       25.8000  -0.380330   0.458608   0.078278 
       25.9000  -0.382141   0.460419   0.078278 
       26.0000  -0.347558   0.425837   0.078278 
       26.1000  -0.330100   0.408378   0.078278 
       26.2000  -0.370515   0.446031   0.075516 
       26.3000  -0.379656   0.455172   0.075516 
       26.4000  -0.338699   0.414216   0.075516 
       26.5000  -0.338489   0.415474   0.076985 
       26.6000  -0.344175   0.422687   0.078511 
       26.7000  -0.353734   0.427821   0.074086 
       26.8000  -0.367800   0.441887   0.074086 
       26.9000  -0.363737   0.437823   0.074086 
       27.0000  -0.366387   0.440473   0.074086 
       27.1000  -0.394674   0.487277   0.092603 
       27.2000  -0.377516   0.470118   0.092603 
       27.3000  -0.350156   0.442759   0.092603 
       27.4000  -0.337766   0.435718   0.097953 
       27.5000  -0.343798   0.441750   0.097953 
       27.6000  -0.349925   0.447878   0.097953 
       27.7000  -0.364132   0.462085   0.097953 
       27.8000  -0.363364   0.461316   0.097953 
       27.9000  -0.361183   0.455650   0.094467 
       28.0000  -0.340672   0.435139   0.094467 
       28.1000  -0.357721   0.452188   0.094467 
       28.2000  -0.353373   0.447840   0.094467 
       28.3000  -0.366026   0.471251   0.105225 
       28.4000  -0.378882   0.484107   0.105225 
       28.5000  -0.396808   0.502033   0.105225 
       28.6000  -0.345021   0.437168   0.092147 
       28.7000  -0.363186   0.455333   0.092147 
       28.8000  -0.352401   0.444548   0.092147 
       28.9000  -0.351490   0.443637   0.092147 
       29.0000  -0.344390   0.418526   0.074136 
       29.1000  -0.338001   0.412137   0.074136 
       29.2000  -0.331857   0.405993   0.074136 
       29.3000  -0.360829   0.428194   0.067365 
       29.4000  -0.357101   0.429778   0.072677 
       29.5000  -0.333295   0.405972   0.072677 
       29.6000  -0.340501   0.421601   0.081100 
       29.7000  -0.323950   0.405050   0.081100 
       29.8000  -0.381847   0.462947   0.081100 
       29.9000  -0.348235   0.429335   0.081100 
       30.0000  -0.374057   0.455157   0.081100 
