t = 3000000
b = 9.002544 9.002544 9.002544
E = -0.307017146280292 -0.46598506012981 0.158967913849518
-2.02007999970875 -3.4678004985913 0.616839326432501 0.733255783832833 -0.623910221080082 0.270318314005873 0.671879404097213 0.603749420826688 -0.429027624450413 -0.102935386912432 -0.00723938246076654 -0.247997734711342 -0.0549238475885736 -0.184328040243164 0.115852827928531
-2.78344498435718 -2.51249831634236 -0.188906220578069 -0.723024010701081 0.343162375622008 -0.599563053370487 0.61534521655632 -0.0745492587128413 -0.784724577791808 0.0275298681772175 0.0431535416204195 0.820835772297751 -0.0469552657640491 0.167766494137784 0.359290701690371
-2.49151227657211 -2.96622376100906 -0.456271823020767 -0.384821442858898 0.811825190933903 -0.439149537568255 0.681675362312756 -0.0707970350677965 -0.728221449944286 0.142329164318602 0.174340747565537 0.0761480391285083 0.647979504312722 0.0667149486794225 -0.265445677336556
-2.43578124234966 -3.28979710803381 -0.871537491152012 -0.0728993887670427 0.996193378338268 -0.0477956850882643 0.370725419947125 -0.0174227385379738 -0.92857908056014 -0.219268400780212 -0.311102304676125 0.0452885886789415 0.107522462413865 -0.242105319357894 0.266320757937773
-3.1227110489544 -3.33605175774412 -0.937726758882993 -0.045693744618863 0.392609682687044 0.918569386357507 0.617536668949921 0.733884037755747 -0.282953493430561 0.141225055052002 0.0107980281542069 0.38066207888289 0.0040121740596763 -0.00877778375408542 -0.479009238700659
-3.02624076125016 -2.83751025036492 -1.29652051260098 0.333767277426773 -0.213180090151146 0.918233986330211 0.837952322708031 0.513278456947955 -0.185421494054975 -0.00347023669628949 0.231614626415007 0.111643716675149 0.246701483522918 -0.0804381856258136 -0.190732520161208
-2.51318193008973 -2.58940774649163 -2.69640790019587 0.435103459831922 0.475884196598212 -0.76434233783946 0.417393513118102 -0.858791167712248 -0.297086491778407 0.086698152409743 -0.791993935207217 0.203035560367242 -0.264538298470896 0.335271465396797 -0.35124097137894
-1.74127497484687 -2.8385222732759 -1.71709914635917 0.33760255316138 0.171517211883961 0.925530313515538 -0.222090806873212 0.970012504620062 -0.0987492420831564 0.0726364410483211 0.282492168236557 -0.00330224884810205 0.145404822097659 0.438777509222034 -0.209899258324639
-1.4573054604212 -2.78193605150463 -1.33588430458653 -0.0192927247210487 0.897960489789677 0.439652986996615 0.769110065654458 0.294295042069639 -0.567327184912512 0.131416650754023 0.241149027422792 0.19351175049043 0.124143726337789 -0.291343047340604 0.122070663321076
-1.12072079222954 -2.25561091302034 -1.94289361649132 0.00786636126940881 0.922568645287399 0.385752787954544 -0.00805929971778187 0.38581068637069 -0.922542769138993 -0.311561276038692 0.522450586258621 0.818679613224985 0.143139007351331 0.541099515682163 0.446190258812651
-0.931513813073959 -2.36005404524467 -2.69204408282469 0.714827856880827 0.550780486408513 0.430885115961702 0.306755451915384 0.306749014077263 -0.901002848370225 -0.461124530191842 -0.0782420461820819 -0.686507619317478 0.410721542399196 -0.336200784395286 0.0554920987810921
-1.15184840832004 -1.99131168108705 -3.03905482658652 0.963026980557555 0.0343905005112193 0.267200907900493 0.214169733573923 0.503952328721645 -0.836757655423621 0.559978346358497 -0.178446252633116 -0.1527845004513 -0.0740313839819435 0.508504605493154 -0.460518139336896
-1.04814587157164 -2.0843642930955 -4.03115244683026 -0.772028828686375 -0.599600290465763 -0.210834000733805 -0.237202193668577 -0.0359401352620164 0.970795252440236 0.318793839013847 0.0994380946006675 0.558719684385106 0.195591831440986 0.207466318561718 -0.110975259501058
0.138337413559867 -2.43479828835655 -3.60676336688561 0.264858095880989 -0.963278042038495 0.0441102100660024 -0.869204213939429 -0.258298892440678 -0.421622807064287 -0.189065293391883 -0.300234759608105 0.00892798121149713 -0.517238090133743 0.322774439318036 0.29134639857681
0.835752293245877 -2.18053912142978 -3.05740528254783 0.750457891090422 0.356680658910869 0.556409791204767 -0.573517154114907 0.769844764345169 0.280030543289401 -0.343207955333386 0.147513473709716 -0.0972520486989009 -0.227623846451057 0.456185050766264 0.18403898995138
0.302887362082026 -2.2077122227125 -2.7586310172542 0.842315518835644 0.490653503548691 0.223077768655797 -0.475674385894549 0.482090155889144 0.735746524979158 -0.0206762192915425 0.259562143597286 -0.361294364003973 -0.512231067019664 -0.817093646434114 0.466717887664045
0.185397981905318 -2.40184834438954 -1.67756659246203 0.68631279304931 0.307814951394098 0.658957282861375 0.625427432407398 -0.712234388150015 -0.31868902630002 0.266559042409819 0.0718874331505681 0.42513395288505 -0.052469650423779 0.570342772145315 -0.248393191431502
0.592400893474833 -2.62372883246827 -2.02999629826954 0.105387937267374 -0.193480420408918 0.975427449496986 0.4607962075043 -0.859725342225766 -0.220316111637326 -0.592898741034161 -0.046234707500657 0.723940531368475 -0.0917175345003215 -0.259020677334797 0.23700970510778
1.58474872138498 -2.70348511958778 -1.84056485263466 0.984855631019595 0.0307796194545737 -0.170622393229223 -0.169727497834305 0.372002860062438 -0.912582296881702 -0.062244883612464 0.163026007223475 0.322575503051284 0.501153093709952 0.562754172789521 -0.00596975381680812
1.39756673732914 -2.2646867752323 -2.06534803251607 0.898627525916589 -0.344194049883023 -0.272027619101364 0.0403023073711184 0.682204079219421 -0.730050216211678 -0.091792962462761 -0.312954992058808 -0.136571923707515 0.361348516097913 0.413732449543283 -0.690214688259783
1.42844459167154 -1.7589335636612 -1.93323598331194 -0.232239256383306 -0.558199877549319 0.796541163087706 0.81884674900793 -0.554172225258819 -0.149609980906022 -0.124486353096066 -0.0713038408712605 -0.770310816548646 -0.314827624019021 0.351390916344529 -0.172674151320141
1.99065027934748 -1.65131717337042 -1.8803988713105 -0.441671598111886 -0.843225931563614 0.306424872043217 0.885856064487559 -0.355788169450177 0.297781460296141 -0.0969690144818176 0.00312033149266216 -0.170807202801453 0.276327438329461 -0.110004791957901 -0.0144854948837787
2.52776026016586 -1.46441068538125 -1.51053164306601 -0.454864537338395 -0.88996555261906 -0.0325509996740292 0.835157527745259 -0.438972504497655 0.331383530108294 0.149069931349134 0.147722227553499 -0.17546957932949 -0.33312271674443 -0.512708331558373 -0.20272847433916
2.8976444229835 -1.42944336523454 -1.04256054969653 -0.284955986986152 -0.823798739309896 -0.490056848085845 0.746548611526524 -0.511407733712324 0.425590526160106 -0.134099047098229 0.257430366804785 -0.0971856498968492 0.040578939646613 0.0901361390491015 0.189317623330659
3.6489307377167 -1.34463880398317 0.155539593115718 0.596797926387246 -0.415956291791411 0.686157852346577 -0.0114815423813047 0.850626422547 0.525645187731001 0.437060621153578 -0.334500006059733 -0.668675205740804 0.225318196338469 0.176815981768506 -0.727083713755227
3.24762845479262 -1.18747810395645 0.525746580668731 0.98454978039919 -0.0407495933943451 0.170297385016683 -0.0960981272266422 0.687258793700339 0.720028120272837 0.415798326906549 -0.261634614494052 0.0220327164870033 0.0552633161228163 0.369200977328568 -0.31767686513183
3.0360792862674 -1.10122825075987 0.979653427612618 0.801932348551192 0.488137288897925 -0.344421972803936 -0.112733821779009 0.689809505557704 0.715160073796379 0.673527676062906 -0.112593396774226 0.0675731896206854 0.233623493550542 0.0718660781006666 0.240064851424361
1.99800775444191 -1.0423831915376 1.27446476015611 -0.412241619966732 0.244086485896346 -0.877769123034005 -0.17483336619584 -0.966732027844056 -0.186714967752302 0.12141150169974 -0.0202158737306984 -0.0557539928443373 -0.328802871217085 0.481101027324195 -0.217734660768395
2.1406662549222 -1.21262290202329 2.05818432023219 0.970260964234023 0.191700230887147 -0.147799437819887 -0.102245590044922 0.878010711435766 0.467592794194485 0.660892924813489 0.100133231797437 -0.36305743770743 -0.336127141227517 -0.00562402949479366 -0.42140882805323
2.69166636690761 -0.649325353972175 2.039457494375 0.932232432172412 0.0399484217705467 -0.359648182511103 -0.339760864507731 0.438638623914634 -0.831960763561293 -0.681829328619703 0.0198306176690726 0.638709660983105 0.0843458188750494 -0.510597223297417 -0.290537477512794
3.16543479220754 -0.325343773759913 2.51466117843789 0.861901565521407 -0.3041628108446 -0.40572240422228 -0.368349048830956 0.17432736085822 -0.913197101078553 0.127933093198619 -0.200879652150069 0.20079723587404 -0.261619187812179 0.103327804452187 -0.103190726155662
2.83210375758684 0.0876163318295173 2.01692384454141 0.532769297892434 -0.791445889244035 -0.299616846725584 -0.503091122752789 -0.0115176898869494 -0.864156614637671 -0.331594415033988 0.0676139481790456 -0.487043590096742 0.0831422776327059 0.128659439585245 0.363067046506957
2.86521325363093 0.282059270969743 1.48188410739424 -0.150052658335976 -0.982804219686536 0.107610689818169 -0.533307617974852 -0.0111904198941072 -0.845847360460833 0.25997827820365 -0.225836331724741 -0.315820007123719 0.27662468437381 -0.471109261478309 -0.128183291210107
2.90596168768603 0.371263866358717 0.929908010046956 -0.460566853191756 -0.776703838376827 0.429661868134834 -0.469099136244959 -0.197949172883966 -0.860675388996325 0.20339514129599 -0.213197540607897 0.0626899448718281 0.644975231126989 -0.202330090388976 -0.0536695195455351
