t = 0
b =  20.0 20.0 20.0
E = 0. 0. 0.
11.610452011452773 3.9133949595569852 2.522950767191538 0.8511675613817481 -0.38342300431598825 0.3584697786602795 0.04254512187683052 0.731086697987276 0.6809567920437737 0.0 0.0 0.0 0.0 0.0 0.0
11.539983960760544 3.956090681451687 3.0538899645408084 0.996251826159765 0.02033485711836326 -0.08407611110957158 0.04254512187683052 0.731086697987276 0.6809567920437737 0.0 0.0 0.0 0.0 0.0 0.0
11.696611545188542 4.003421734666357 3.565664009717193 0.7628433657374042 0.4163671663527679 -0.49468008059128044 0.04254512187683052 0.731086697987276 0.6809567920437737 0.0 0.0 0.0 0.0 0.0 0.0
12.02712929883928 4.145663696552153 3.9646757149576652 0.2396179566104734 0.6542146278019642 -0.7173468168464674 0.04254512187683052 0.731086697987276 0.6809567920437737 0.0 0.0 0.0 0.0 0.0 0.0
12.412267973238968 4.437033903430298 4.200168190726635 -0.3746423204313694 0.64351501426391 -0.6674815039824845 0.04254512187683052 0.731086697987276 0.6809567920437737 0.0 0.0 0.0 0.0 0.0 0.0
12.712006918908187 4.875093378058131 4.283508236660461 -0.8465697162557657 0.38833328780971066 -0.3640288080599305 0.04254512187683052 0.731086697987276 0.6809567920437737 0.0 0.0 0.0 0.0 0.0 0.0
12.81877027111955 5.401673437861112 4.283867904342845 -0.9968711229837356 -0.01438274726973527 0.07772451828169663 0.04254512187683052 0.731086697987276 0.6809567920437737 0.0 0.0 0.0 0.0 0.0 0.0
12.698296819480177 5.924974949971403 4.301944878413146 -0.7684445232938105 -0.4116345361946981 0.48994900064346003 0.04254512187683052 0.731086697987276 0.6809567920437737 0.0 0.0 0.0 0.0 0.0 0.0
12.402656414576837 6.354444356604014 4.4317057425963915 -0.24807300149727643 -0.6524994826568602 0.7160336661503168 0.04254512187683052 0.731086697987276 0.6809567920437737 0.0 0.0 0.0 0.0 0.0 0.0
12.050467761176566 6.635176485634068 4.724686503508633 0.36654560112747825 -0.6454689664480946 0.6700851704421801 0.04254512187683052 0.731086697987276 0.6809567920437737 0.0 0.0 0.0 0.0 0.0 0.0
11.781833189086676 6.768773943452568 5.17041320010743 0.8419074015682622 -0.39321399822007397 0.36956011525645194 0.04254512187683052 0.731086697987276 0.6809567920437737 0.0 0.0 0.0 0.0 0.0 0.0
11.705111435674926 6.812738258004307 5.70038113660716 0.9974145042121472 0.008429542119216423 -0.07136700643083266 0.04254512187683052 0.731086697987276 0.6809567920437737 0.0 0.0 0.0 0.0 0.0 0.0
11.855750349882028 6.858624086947358 6.214080961745417 0.7739871608246139 0.406870558472988 -0.48518060918232686 0.04254512187683052 0.731086697987276 0.6809567920437737 0.0 0.0 0.0 0.0 0.0 0.0
12.18281966175264 6.997256072496525 6.617183851754332 0.2565091546645617 0.6507346471498962 -0.7146659867182528 0.04254512187683052 0.731086697987276 0.6809567920437737 0.0 0.0 0.0 0.0 0.0 0.0
12.568360243500113 7.284223041338907 6.857378607603824 -0.358420967956922 0.6473737636714483 -0.6726378073218072 0.04254512187683052 0.731086697987276 0.6809567920437737 0.0 0.0 0.0 0.0 0.0 0.0
12.87219875432407 7.718758879979841 6.944245554109731 -0.8371809723725523 0.3980647638620819 -0.3750632790193874 0.04254512187683052 0.731086697987276 0.6809567920437737 0.0 0.0 0.0 0.0 0.0 0.0
12.98520183615377 8.24403359406826 6.945616814361787 -0.9978819284644158 -0.0024756950264299346 0.0650040597061195 0.04254512187683052 0.731086697987276 0.6809567920437737 0.0 0.0 0.0 0.0 0.0 0.0
12.870737700991606 8.768743973397509 6.961805752069208 -0.7794708562365076 -0.4020755959829876 0.4803752693393504 0.04254512187683052 0.731086697987276 0.6809567920437737 0.0 0.0 0.0 0.0 0.0 0.0
12.578593159624246 9.201801207971107 7.087496247537563 -0.2649257736666039 -0.6489202556801311 0.7132438827043575 0.04254512187683052 0.731086697987276 0.6809567920437737 0.0 0.0 0.0 0.0 0.0 0.0
12.22605877981368 9.486937049844116 7.375770708510627 0.35026903964197265 -0.6492292608762901 0.675139220228183 0.04254512187683052 0.731086697987276 0.6809567920437737 0.0 0.0 0.0 0.0 0.0 0.0
11.953368238610734 9.624081061272348 7.817943175977992 0.8323907886045183 -0.40288521533115246 0.3805378802615082 0.04254512187683052 0.731086697987276 0.6809567920437737 0.0 0.0 0.0 0.0 0.0 0.0
11.870421203861401 9.66938737518904 8.346859265224609 0.9982733601443751 -0.0034783406001189406 -0.05863616267058713 0.04254512187683052 0.731086697987276 0.6809567920437737 0.0 0.0 0.0 0.0 0.0 0.0
12.015030612967696 9.71390080125649 8.862409239345476 0.7848951919248547 0.3972500138796533 -0.47553334705976624 0.04254512187683052 0.731086697987276 0.6809567920437737 0.0 0.0 0.0 0.0 0.0 0.0
12.338556905770021 9.848967380487297 9.269561372041391 0.27332221754527936 0.6470564464204981 -0.7117674624073593 0.04254512187683052 0.731086697987276 0.6809567920437737 0.0 0.0 0.0 0.0 0.0 0.0
12.72438700666189 10.131530497039314 9.514466089285754 -0.34209043698353314 0.6510353167593219 -0.6775892186690315 0.04254512187683052 0.731086697987276 0.6809567920437737 0.0 0.0 0.0 0.0 0.0 0.0
13.032237581679471 10.562497134531476 9.604914322814135 -0.8275372150552003 0.40767498553124093 -0.3859835020707358 0.04254512187683052 0.731086697987276 0.6809567920437737 0.0 0.0 0.0 0.0 0.0 0.0
13.151451022486725 11.086393297802998 9.607377604900506 -0.9985887694429869 0.009432111337563089 0.05226380026424721 0.04254512187683052 0.731086697987276 0.6809567920437737 0.0 0.0 0.0 0.0 0.0 0.0
13.043036121878808 11.612439511150695 9.621754421901594 -0.7902597548054917 -0.39239417964974715 0.47065521107470026 0.04254512187683052 0.731086697987276 0.6809567920437737 0.0 0.0 0.0 0.0 0.0 0.0
12.754481485297422 12.049039458900536 9.743417109076347 -0.2816978468788791 -0.6451433613072904 0.7102368382623779 0.04254512187683052 0.731086697987276 0.6809567920437737 0.0 0.0 0.0 0.0 0.0 0.0
12.401713815656361 12.338578957140912 10.026978305880643 0.33388578281385994 -0.652791793782398 0.679987616067484 0.04254512187683052 0.731086697987276 0.6809567920437737 0.0 0.0 0.0 0.0 0.0 0.0
12.125055420713448 12.47931454544847 10.465542701163361 0.8226206213430152 -0.41243370970280463 0.39139972974188375 0.04254512187683052 0.731086697987276 0.6809567920437737 0.0 0.0 0.0 0.0 0.0 0.0
12.035913422289472 12.526035856652028 10.993326677156155 0.9988281323406121 -0.015385163783212173 -0.04588745776717079 0.04254512187683052 0.731086697987276 0.6809567920437737 0.0 0.0 0.0 0.0 0.0 0.0
12.174454328060708 12.569250119287108 11.510650605707069 0.7955641363461851 0.3875084630838437 -0.4657412328730963 0.04254512187683052 0.731086697987276 0.6809567920437737 0.0 0.0 0.0 0.0 0.0 0.0
12.49434410374452 12.700796948275121 11.921808805569993 0.2900520238308013 0.643181146029344 -0.7086521268323702 0.04254512187683052 0.731086697987276 0.6809567920437737 0.0 0.0 0.0 0.0 0.0 0.0
